Position	Nucleotide	Multiplicity	Frequency
44	G	29	0.145728643216
48	C	1	0.00502512562814
50	T	1	0.00502512562814
51	T	1	0.00502512562814
52	C	1	0.00502512562814
58	C	1	0.00502512562814
62	A	1	0.00502512562814
63	C	1	0.00502512562814
64	A	1	0.00502512562814
65	C	1	0.00502512562814
66	C	1	0.00502512562814
67	A	1	0.00502512562814
67	T	13	0.0653266331658
68	G	4	0.0201005025126
70	T	8	0.0402010050251
71	G	4	0.0201005025126
72	C	2	0.0100502512563
72	G	1	0.00502512562814
73	T	2	0.0100502512563
74	C	11	0.0552763819095
77	G	1	0.00502512562814
78	A	5	0.0251256281407
78	C	2	0.0100502512563
79	C	2	0.0100502512563
81	G	13	0.0653266331658
82	G	7	0.035175879397
82	T	14	0.070351758794
84	C	1	0.00502512562814
86	A	1	0.00502512562814
86	T	32	0.160804020101
87	G	5	0.0251256281407
87	T	7	0.035175879397
88	A	38	0.190954773869
88	C	8	0.0402010050251
89	C	11	0.0552763819095
90	C	1	0.00502512562814
90	G	12	0.0603015075377
90	T	6	0.0301507537688
91	A	33	0.165829145729
91	C	25	0.125628140704
91	T	1	0.00502512562814
92	A	5	0.0251256281407
92	C	33	0.165829145729
92	G	1	0.00502512562814
92	T	31	0.155778894472
93	A	1	0.00502512562814
93	C	1	0.00502512562814
93	G	1	0.00502512562814
94	C	1	0.00502512562814
94	T	18	0.0904522613065
95	C	2	0.0100502512563
96	A	112	0.562814070352
96	G	37	0.185929648241
96	T	5	0.0251256281407
97	A	27	0.13567839196
97	C	7	0.035175879397
97	G	11	0.0552763819095
98	C	80	0.402010050251
98	T	34	0.170854271357
99	C	2	0.0100502512563
99	G	1	0.00502512562814
101	A	32	0.160804020101
101	C	6	0.0301507537688
102	G	15	0.0753768844221
103	C	8	0.0402010050251
103	G	14	0.070351758794
103	T	57	0.286432160804
104	T	54	0.27135678392
107	C	1	0.00502512562814
109	G	1	0.00502512562814
111	T	2	0.0100502512563
112	A	2	0.0100502512563
112	T	1	0.00502512562814
113	T	10	0.0502512562814
116	A	1	0.00502512562814
117	C	1	0.00502512562814
118	T	1	0.00502512562814
119	C	2	0.0100502512563
119	G	3	0.0150753768844
120	A	8	0.0402010050251
120	T	1	0.00502512562814
122	G	4	0.0201005025126
123	A	1	0.00502512562814
125	A	3	0.0150753768844
125	T	5	0.0251256281407
126	G	14	0.070351758794
127	C	1	0.00502512562814
127	G	26	0.130653266332
130	A	1	0.00502512562814
131	A	13	0.0653266331658
131	C	7	0.035175879397
132	A	1	0.00502512562814
134	C	5	0.0251256281407
136	C	2	0.0100502512563
137	A	2	0.0100502512563
138	C	2	0.0100502512563
141	A	108	0.542713567839
142	C	1	0.00502512562814
142	G	1	0.00502512562814
143	A	1	0.00502512562814
143	C	10	0.0502512562814
143	G	1	0.00502512562814
144	G	33	0.165829145729
145	T	1	0.00502512562814
146	C	33	0.165829145729
146	G	2	0.0100502512563
146	T	19	0.0954773869347
147	C	1	0.00502512562814
148	C	3	0.0150753768844
148	G	1	0.00502512562814
148	T	9	0.0452261306533
149	T	16	0.0804020100503
150	C	5	0.0251256281407
150	G	10	0.0502512562814
152	A	6	0.0301507537688
152	C	3	0.0150753768844
153	G	36	0.180904522613
154	A	52	0.261306532663
154	C	38	0.190954773869
155	A	10	0.0502512562814
155	C	57	0.286432160804
156	C	24	0.120603015075
156	G	22	0.110552763819
157	A	45	0.226130653266
157	C	10	0.0502512562814
157	T	1	0.00502512562814
158	A	19	0.0954773869347
158	C	9	0.0452261306533
159	C	1	0.00502512562814
159	G	64	0.321608040201
159	T	1	0.00502512562814
160	A	65	0.326633165829
160	C	45	0.226130653266
161	C	4	0.0201005025126
162	A	41	0.206030150754
162	C	1	0.00502512562814
162	G	16	0.0804020100503
162	T	1	0.00502512562814
163	A	11	0.0552763819095
163	C	46	0.231155778894
164	A	13	0.0653266331658
164	C	11	0.0552763819095
165	C	40	0.201005025126
165	G	4	0.0201005025126
165	T	20	0.100502512563
166	A	1	0.00502512562814
166	C	77	0.386934673367
166	T	54	0.27135678392
167	A	13	0.0653266331658
167	C	3	0.0150753768844
167	G	7	0.035175879397
168	C	1	0.00502512562814
168	G	48	0.241206030151
168	T	43	0.21608040201
169	G	5	0.0251256281407
170	A	5	0.0251256281407
170	G	10	0.0502512562814
170	T	8	0.0402010050251
171	C	1	0.00502512562814
171	G	6	0.0301507537688
172	A	28	0.140703517588
172	C	66	0.331658291457
173	C	13	0.0653266331658
173	G	9	0.0452261306533
174	A	18	0.0904522613065
174	C	1	0.00502512562814
174	G	58	0.291457286432
175	G	18	0.0904522613065
175	T	17	0.0854271356784
176	A	1	0.00502512562814
176	G	35	0.175879396985
176	T	47	0.236180904523
177	C	3	0.0150753768844
178	C	1	0.00502512562814
178	G	1	0.00502512562814
179	T	41	0.206030150754
182	C	2	0.0100502512563
182	G	2	0.0100502512563
183	A	1	0.00502512562814
184	G	4	0.0201005025126
187	A	1	0.00502512562814
188	C	2	0.0100502512563
191	T	2	0.0100502512563
192	G	1	0.00502512562814
193	C	1	0.00502512562814
193	G	56	0.281407035176
194	A	1	0.00502512562814
195	A	1	0.00502512562814
196	A	1	0.00502512562814
198	A	1	0.00502512562814
198	T	1	0.00502512562814
199	A	1	0.00502512562814
199	T	1	0.00502512562814
200	G	3	0.0150753768844
201	C	1	0.00502512562814
202	A	3	0.0150753768844
202	C	2	0.0100502512563
203	A	1	0.00502512562814
203	G	1	0.00502512562814
204	C	2	0.0100502512563
204	G	1	0.00502512562814
205	A	2	0.0100502512563
205	T	10	0.0502512562814
206	A	1	0.00502512562814
206	T	2	0.0100502512563
207	C	1	0.00502512562814
208	A	1	0.00502512562814
208	C	1	0.00502512562814
209	A	1	0.00502512562814
209	G	18	0.0904522613065
209	T	3	0.0150753768844
210	A	1	0.00502512562814
210	G	1	0.00502512562814
212	A	1	0.00502512562814
213	G	1	0.00502512562814
215	C	2	0.0100502512563
217	C	2	0.0100502512563
217	G	2	0.0100502512563
218	T	1	0.00502512562814
219	G	4	0.0201005025126
220	G	12	0.0603015075377
221	A	2	0.0100502512563
221	C	2	0.0100502512563
222	C	1	0.00502512562814
222	T	1	0.00502512562814
223	A	1	0.00502512562814
224	A	2	0.0100502512563
224	T	1	0.00502512562814
225	G	3	0.0150753768844
226	G	30	0.150753768844
227	A	7	0.035175879397
227	C	3	0.0150753768844
227	T	1	0.00502512562814
228	G	11	0.0552763819095
229	C	19	0.0954773869347
230	A	29	0.145728643216
230	G	8	0.0402010050251
230	T	33	0.165829145729
231	C	2	0.0100502512563
232	T	2	0.0100502512563
233	T	1	0.00502512562814
234	A	2	0.0100502512563
234	G	93	0.467336683417
235	G	1	0.00502512562814
236	A	5	0.0251256281407
236	C	10	0.0502512562814
237	C	25	0.125628140704
238	C	11	0.0552763819095
238	G	14	0.070351758794
238	T	40	0.201005025126
239	A	1	0.00502512562814
239	C	5	0.0251256281407
239	G	15	0.0753768844221
240	A	1	0.00502512562814
240	T	1	0.00502512562814
241	G	1	0.00502512562814
242	A	19	0.0954773869347
242	C	1	0.00502512562814
242	T	1	0.00502512562814
243	A	1	0.00502512562814
244	G	1	0.00502512562814
244	T	2	0.0100502512563
245	G	18	0.0904522613065
245	T	4	0.0201005025126
246	C	1	0.00502512562814
247	G	2	0.0100502512563
248	C	2	0.0100502512563
249	G	3	0.0150753768844
250	C	1	0.00502512562814
250	G	1	0.00502512562814
251	A	2	0.0100502512563
251	G	26	0.130653266332
251	T	18	0.0904522613065
252	C	1	0.00502512562814
252	G	2	0.0100502512563
253	A	14	0.070351758794
253	C	6	0.0301507537688
254	T	10	0.0502512562814
255	T	1	0.00502512562814
257	A	1	0.00502512562814
258	C	1	0.00502512562814
258	G	1	0.00502512562814
259	A	3	0.0150753768844
259	C	5	0.0251256281407
260	G	19	0.0954773869347
261	T	1	0.00502512562814
262	A	4	0.0201005025126
262	G	1	0.00502512562814
262	T	16	0.0804020100503
263	T	1	0.00502512562814
265	G	1	0.00502512562814
266	C	26	0.130653266332
268	G	2	0.0100502512563
268	T	1	0.00502512562814
269	A	1	0.00502512562814
274	T	1	0.00502512562814
275	C	1	0.00502512562814
275	G	1	0.00502512562814
276	A	30	0.150753768844
276	C	7	0.035175879397
277	C	2	0.0100502512563
277	G	1	0.00502512562814
278	A	1	0.00502512562814
278	C	126	0.633165829146
278	G	40	0.201005025126
279	C	1	0.00502512562814
280	G	1	0.00502512562814
281	C	26	0.130653266332
283	T	35	0.175879396985
284	A	1	0.00502512562814
284	T	9	0.0452261306533
285	C	1	0.00502512562814
285	G	1	0.00502512562814
286	T	1	0.00502512562814
287	G	1	0.00502512562814
288	T	1	0.00502512562814
289	G	2	0.0100502512563
289	T	12	0.0603015075377
290	A	1	0.00502512562814
