Position	Nucleotide	Multiplicity	Frequency
56	G	1	0.0116279069767
58	C	1	0.0116279069767
59	T	1	0.0116279069767
62	T	1	0.0116279069767
65	C	10	0.116279069767
66	C	2	0.0232558139535
69	C	1	0.0116279069767
71	C	56	0.651162790698
71	G	1	0.0116279069767
72	A	1	0.0116279069767
72	C	2	0.0232558139535
72	G	9	0.104651162791
75	T	1	0.0116279069767
78	A	1	0.0116279069767
82	A	14	0.162790697674
82	G	38	0.441860465116
82	T	1	0.0116279069767
83	T	10	0.116279069767
84	G	1	0.0116279069767
86	C	1	0.0116279069767
88	A	7	0.0813953488372
88	C	7	0.0813953488372
90	A	4	0.046511627907
90	C	2	0.0232558139535
90	T	1	0.0116279069767
91	T	1	0.0116279069767
92	A	1	0.0116279069767
93	A	3	0.0348837209302
94	T	1	0.0116279069767
95	C	1	0.0116279069767
99	G	8	0.093023255814
99	T	43	0.5
100	C	1	0.0116279069767
101	A	2	0.0232558139535
101	C	2	0.0232558139535
101	T	1	0.0116279069767
102	G	3	0.0348837209302
103	C	9	0.104651162791
103	T	1	0.0116279069767
104	T	15	0.174418604651
105	C	2	0.0232558139535
107	A	2	0.0232558139535
114	A	1	0.0116279069767
115	T	9	0.104651162791
122	C	1	0.0116279069767
122	G	1	0.0116279069767
125	T	2	0.0232558139535
126	C	1	0.0116279069767
126	G	1	0.0116279069767
127	C	1	0.0116279069767
127	G	12	0.139534883721
127	T	3	0.0348837209302
131	A	6	0.0697674418605
131	C	15	0.174418604651
132	A	1	0.0116279069767
133	C	3	0.0348837209302
133	G	1	0.0116279069767
136	C	1	0.0116279069767
136	G	2	0.0232558139535
137	A	6	0.0697674418605
138	C	3	0.0348837209302
141	A	6	0.0697674418605
141	C	1	0.0116279069767
143	C	1	0.0116279069767
143	G	1	0.0116279069767
143	T	36	0.418604651163
146	A	1	0.0116279069767
146	C	5	0.0581395348837
147	C	29	0.337209302326
148	C	1	0.0116279069767
151	G	1	0.0116279069767
152	C	67	0.779069767442
153	C	1	0.0116279069767
155	G	2	0.0232558139535
156	C	3	0.0348837209302
157	A	8	0.093023255814
158	T	21	0.244186046512
159	C	27	0.313953488372
159	G	1	0.0116279069767
160	C	8	0.093023255814
161	C	16	0.186046511628
161	G	1	0.0116279069767
161	T	20	0.232558139535
162	A	68	0.790697674419
162	T	2	0.0232558139535
163	G	6	0.0697674418605
163	T	4	0.046511627907
165	C	1	0.0116279069767
166	C	1	0.0116279069767
166	G	1	0.0116279069767
166	T	2	0.0232558139535
167	C	9	0.104651162791
169	T	1	0.0116279069767
170	A	4	0.046511627907
171	T	5	0.0581395348837
172	C	9	0.104651162791
174	T	1	0.0116279069767
175	A	1	0.0116279069767
176	C	2	0.0232558139535
177	C	1	0.0116279069767
177	G	6	0.0697674418605
177	T	1	0.0116279069767
178	A	2	0.0232558139535
178	T	2	0.0232558139535
179	G	6	0.0697674418605
180	A	1	0.0116279069767
182	G	2	0.0232558139535
182	T	2	0.0232558139535
184	C	4	0.046511627907
184	T	9	0.104651162791
185	T	10	0.116279069767
188	A	2	0.0232558139535
189	A	1	0.0116279069767
189	C	2	0.0232558139535
189	T	2	0.0232558139535
192	C	1	0.0116279069767
192	G	2	0.0232558139535
193	T	2	0.0232558139535
194	G	1	0.0116279069767
195	C	8	0.093023255814
197	A	2	0.0232558139535
198	C	1	0.0116279069767
199	G	9	0.104651162791
200	G	4	0.046511627907
201	A	1	0.0116279069767
202	A	8	0.093023255814
202	C	1	0.0116279069767
202	T	1	0.0116279069767
203	A	1	0.0116279069767
204	G	1	0.0116279069767
206	G	4	0.046511627907
208	C	1	0.0116279069767
210	T	2	0.0232558139535
211	G	8	0.093023255814
213	C	6	0.0697674418605
213	G	6	0.0697674418605
214	A	1	0.0116279069767
214	C	1	0.0116279069767
215	A	2	0.0232558139535
216	A	1	0.0116279069767
216	C	2	0.0232558139535
217	A	1	0.0116279069767
218	C	20	0.232558139535
221	C	2	0.0232558139535
221	G	1	0.0116279069767
223	G	1	0.0116279069767
226	A	1	0.0116279069767
226	C	1	0.0116279069767
228	C	9	0.104651162791
231	G	1	0.0116279069767
232	C	1	0.0116279069767
232	G	1	0.0116279069767
233	C	1	0.0116279069767
233	G	2	0.0232558139535
234	C	36	0.418604651163
235	A	25	0.290697674419
235	C	1	0.0116279069767
235	T	1	0.0116279069767
236	G	9	0.104651162791
236	T	14	0.162790697674
237	C	9	0.104651162791
237	G	2	0.0232558139535
238	C	1	0.0116279069767
239	T	13	0.151162790698
240	A	1	0.0116279069767
241	T	2	0.0232558139535
242	A	1	0.0116279069767
245	C	1	0.0116279069767
245	G	1	0.0116279069767
246	T	38	0.441860465116
249	G	1	0.0116279069767
253	G	1	0.0116279069767
254	A	1	0.0116279069767
254	C	1	0.0116279069767
256	C	4	0.046511627907
257	T	1	0.0116279069767
258	G	1	0.0116279069767
260	A	1	0.0116279069767
260	T	1	0.0116279069767
261	A	1	0.0116279069767
265	G	1	0.0116279069767
266	G	1	0.0116279069767
267	G	36	0.418604651163
268	T	19	0.220930232558
272	C	1	0.0116279069767
272	T	1	0.0116279069767
275	A	4	0.046511627907
277	A	2	0.0232558139535
282	A	43	0.5
284	A	8	0.093023255814
284	T	5	0.0581395348837
285	A	2	0.0232558139535
285	C	1	0.0116279069767
287	C	1	0.0116279069767
288	C	2	0.0232558139535
290	T	27	0.313953488372
292	A	1	0.0116279069767
293	A	1	0.0116279069767
293	C	4	0.046511627907
294	G	9	0.104651162791
294	T	5	0.0581395348837
296	C	5	0.0581395348837
