Position	Nucleotide	Multiplicity	Frequency
52	C	2	0.00539083557951
52	G	1	0.00269541778976
54	C	4	0.010781671159
54	G	1	0.00269541778976
55	C	2	0.00539083557951
56	A	1	0.00269541778976
59	C	371	1.0
61	T	2	0.00539083557951
62	T	3	0.00808625336927
63	C	1	0.00269541778976
65	T	1	0.00269541778976
66	G	1	0.00269541778976
67	G	7	0.0188679245283
68	A	2	0.00539083557951
69	A	1	0.00269541778976
70	T	17	0.0458221024259
71	C	5	0.0134770889488
71	G	2	0.00539083557951
71	T	32	0.0862533692722
74	A	1	0.00269541778976
75	A	1	0.00269541778976
77	G	3	0.00808625336927
81	G	28	0.0754716981132
81	T	19	0.0512129380054
82	A	1	0.00269541778976
82	G	9	0.0242587601078
83	G	8	0.0215633423181
83	T	35	0.0943396226415
84	C	11	0.0296495956873
85	A	1	0.00269541778976
85	C	1	0.00269541778976
86	A	1	0.00269541778976
86	T	1	0.00269541778976
87	G	2	0.00539083557951
88	G	28	0.0754716981132
88	T	19	0.0512129380054
89	G	1	0.00269541778976
89	T	1	0.00269541778976
90	G	33	0.088948787062
91	A	25	0.0673854447439
91	T	19	0.0512129380054
92	G	42	0.11320754717
92	T	37	0.099730458221
93	C	2	0.00539083557951
93	G	1	0.00269541778976
94	T	7	0.0188679245283
95	T	28	0.0754716981132
96	C	81	0.21832884097
97	C	1	0.00269541778976
97	G	41	0.11051212938
97	T	187	0.504043126685
98	C	27	0.0727762803235
99	C	47	0.126684636119
99	G	6	0.0161725067385
99	T	103	0.277628032345
100	C	6	0.0161725067385
101	A	151	0.407008086253
101	C	6	0.0161725067385
102	T	183	0.493261455526
103	G	1	0.00269541778976
104	T	29	0.078167115903
106	A	1	0.00269541778976
106	T	1	0.00269541778976
107	A	2	0.00539083557951
109	A	1	0.00269541778976
109	C	6	0.0161725067385
110	A	9	0.0242587601078
110	T	1	0.00269541778976
111	G	1	0.00269541778976
111	T	1	0.00269541778976
112	A	1	0.00269541778976
112	T	1	0.00269541778976
113	C	8	0.0215633423181
113	G	3	0.00808625336927
114	G	1	0.00269541778976
115	C	1	0.00269541778976
115	G	3	0.00808625336927
115	T	1	0.00269541778976
116	A	2	0.00539083557951
116	T	1	0.00269541778976
117	A	15	0.0404312668464
117	C	1	0.00269541778976
118	A	1	0.00269541778976
119	A	2	0.00539083557951
119	G	2	0.00539083557951
119	T	3	0.00808625336927
120	A	2	0.00539083557951
121	T	1	0.00269541778976
122	C	21	0.0566037735849
123	A	1	0.00269541778976
125	C	2	0.00539083557951
126	T	1	0.00269541778976
127	C	1	0.00269541778976
127	T	1	0.00269541778976
128	C	2	0.00539083557951
128	G	91	0.245283018868
129	A	1	0.00269541778976
131	A	1	0.00269541778976
131	C	1	0.00269541778976
132	T	1	0.00269541778976
133	C	2	0.00539083557951
133	G	1	0.00269541778976
134	C	48	0.129380053908
134	G	1	0.00269541778976
135	A	1	0.00269541778976
136	C	1	0.00269541778976
136	G	3	0.00808625336927
137	C	16	0.0431266846361
137	T	2	0.00539083557951
138	C	3	0.00808625336927
138	G	1	0.00269541778976
139	A	19	0.0512129380054
140	A	3	0.00808625336927
140	C	19	0.0512129380054
141	G	17	0.0458221024259
141	T	1	0.00269541778976
142	A	1	0.00269541778976
142	C	2	0.00539083557951
143	T	1	0.00269541778976
145	A	3	0.00808625336927
145	C	19	0.0512129380054
146	G	2	0.00539083557951
147	C	6	0.0161725067385
147	G	10	0.0269541778976
147	T	1	0.00269541778976
148	A	18	0.0485175202156
148	C	2	0.00539083557951
149	C	40	0.10781671159
149	G	71	0.191374663073
150	C	2	0.00539083557951
150	G	1	0.00269541778976
150	T	1	0.00269541778976
151	A	2	0.00539083557951
152	A	1	0.00269541778976
153	G	12	0.0323450134771
154	G	2	0.00539083557951
156	A	1	0.00269541778976
157	A	2	0.00539083557951
158	A	32	0.0862533692722
158	C	10	0.0269541778976
159	C	2	0.00539083557951
159	G	70	0.188679245283
159	T	1	0.00269541778976
160	A	30	0.0808625336927
160	C	157	0.423180592992
160	T	1	0.00269541778976
161	C	17	0.0458221024259
161	G	5	0.0134770889488
162	A	169	0.455525606469
162	T	1	0.00269541778976
163	A	5	0.0134770889488
163	C	6	0.0161725067385
164	A	32	0.0862533692722
164	C	1	0.00269541778976
165	A	1	0.00269541778976
165	T	1	0.00269541778976
166	C	5	0.0134770889488
167	A	7	0.0188679245283
167	C	72	0.194070080863
168	G	44	0.118598382749
169	A	127	0.342318059299
170	A	18	0.0485175202156
171	G	53	0.142857142857
171	T	157	0.423180592992
172	A	2	0.00539083557951
172	G	1	0.00269541778976
172	T	19	0.0512129380054
173	G	1	0.00269541778976
173	T	1	0.00269541778976
174	G	1	0.00269541778976
175	A	187	0.504043126685
175	C	123	0.33153638814
176	A	1	0.00269541778976
176	G	1	0.00269541778976
176	T	57	0.153638814016
177	A	8	0.0215633423181
178	C	1	0.00269541778976
178	T	34	0.0916442048518
179	A	1	0.00269541778976
179	T	54	0.145552560647
180	A	4	0.010781671159
180	T	19	0.0512129380054
181	A	6	0.0161725067385
182	C	3	0.00808625336927
182	G	2	0.00539083557951
183	T	1	0.00269541778976
184	C	1	0.00269541778976
184	G	1	0.00269541778976
185	A	20	0.0539083557951
185	T	1	0.00269541778976
186	C	2	0.00539083557951
186	G	2	0.00539083557951
187	C	3	0.00808625336927
187	G	6	0.0161725067385
188	A	20	0.0539083557951
189	C	1	0.00269541778976
190	A	1	0.00269541778976
190	C	3	0.00808625336927
190	G	1	0.00269541778976
191	T	36	0.0970350404313
192	A	2	0.00539083557951
192	G	5	0.0134770889488
192	T	2	0.00539083557951
193	G	2	0.00539083557951
194	A	1	0.00269541778976
196	A	35	0.0943396226415
196	C	2	0.00539083557951
196	T	1	0.00269541778976
197	A	1	0.00269541778976
197	T	6	0.0161725067385
198	C	5	0.0134770889488
198	G	1	0.00269541778976
199	A	1	0.00269541778976
200	C	2	0.00539083557951
200	G	3	0.00808625336927
200	T	1	0.00269541778976
201	A	6	0.0161725067385
202	C	4	0.010781671159
203	A	1	0.00269541778976
204	C	1	0.00269541778976
204	G	48	0.129380053908
205	A	1	0.00269541778976
205	G	32	0.0862533692722
207	C	32	0.0862533692722
207	G	59	0.159029649596
209	A	2	0.00539083557951
209	T	2	0.00539083557951
210	C	1	0.00269541778976
210	G	4	0.010781671159
211	A	2	0.00539083557951
211	T	18	0.0485175202156
212	A	10	0.0269541778976
213	C	1	0.00269541778976
213	G	1	0.00269541778976
214	T	1	0.00269541778976
215	A	1	0.00269541778976
215	T	20	0.0539083557951
216	A	2	0.00539083557951
217	G	2	0.00539083557951
218	A	4	0.010781671159
218	T	47	0.126684636119
219	G	2	0.00539083557951
220	A	8	0.0215633423181
220	G	32	0.0862533692722
220	T	1	0.00269541778976
221	A	1	0.00269541778976
221	T	1	0.00269541778976
222	C	1	0.00269541778976
223	A	1	0.00269541778976
223	T	1	0.00269541778976
224	A	2	0.00539083557951
224	T	1	0.00269541778976
225	C	2	0.00539083557951
225	G	1	0.00269541778976
226	A	3	0.00808625336927
226	T	2	0.00539083557951
227	A	2	0.00539083557951
228	C	5	0.0134770889488
228	G	35	0.0943396226415
229	A	52	0.140161725067
229	C	6	0.0161725067385
229	T	1	0.00269541778976
230	A	4	0.010781671159
230	T	5	0.0134770889488
231	C	4	0.010781671159
231	G	2	0.00539083557951
232	A	3	0.00808625336927
232	T	1	0.00269541778976
233	C	2	0.00539083557951
233	G	22	0.0592991913747
233	T	5	0.0134770889488
234	A	9	0.0242587601078
234	T	1	0.00269541778976
235	C	5	0.0134770889488
235	G	4	0.010781671159
236	G	23	0.0619946091644
236	T	1	0.00269541778976
237	C	7	0.0188679245283
237	G	1	0.00269541778976
238	G	1	0.00269541778976
239	A	2	0.00539083557951
239	T	3	0.00808625336927
240	C	1	0.00269541778976
240	G	1	0.00269541778976
241	A	2	0.00539083557951
241	C	1	0.00269541778976
242	C	1	0.00269541778976
242	T	1	0.00269541778976
243	A	1	0.00269541778976
243	C	8	0.0215633423181
243	T	1	0.00269541778976
244	C	1	0.00269541778976
244	G	4	0.010781671159
245	A	58	0.156334231806
245	C	14	0.0377358490566
245	T	1	0.00269541778976
246	T	58	0.156334231806
247	G	1	0.00269541778976
248	A	2	0.00539083557951
248	T	1	0.00269541778976
249	C	1	0.00269541778976
249	G	33	0.088948787062
250	A	1	0.00269541778976
250	C	32	0.0862533692722
250	T	32	0.0862533692722
251	A	4	0.010781671159
251	T	6	0.0161725067385
252	C	2	0.00539083557951
252	G	1	0.00269541778976
254	A	2	0.00539083557951
255	T	1	0.00269541778976
256	C	2	0.00539083557951
256	G	2	0.00539083557951
257	C	55	0.148247978437
258	C	34	0.0916442048518
258	G	3	0.00808625336927
258	T	2	0.00539083557951
259	A	25	0.0673854447439
259	C	6	0.0161725067385
259	T	1	0.00269541778976
260	C	7	0.0188679245283
260	G	56	0.150943396226
260	T	1	0.00269541778976
261	C	9	0.0242587601078
261	G	1	0.00269541778976
262	A	8	0.0215633423181
262	T	1	0.00269541778976
263	C	68	0.183288409704
264	A	5	0.0134770889488
264	T	2	0.00539083557951
265	G	11	0.0296495956873
266	A	37	0.099730458221
266	C	29	0.078167115903
266	T	1	0.00269541778976
267	A	1	0.00269541778976
267	C	1	0.00269541778976
268	C	2	0.00539083557951
268	G	3	0.00808625336927
269	A	5	0.0134770889488
269	T	1	0.00269541778976
270	G	3	0.00808625336927
271	A	2	0.00539083557951
272	A	1	0.00269541778976
272	T	1	0.00269541778976
273	A	1	0.00269541778976
273	T	1	0.00269541778976
274	G	5	0.0134770889488
274	T	5	0.0134770889488
275	A	1	0.00269541778976
275	T	1	0.00269541778976
276	A	7	0.0188679245283
277	G	4	0.010781671159
278	A	17	0.0458221024259
278	C	36	0.0970350404313
278	T	37	0.099730458221
279	A	1	0.00269541778976
279	G	1	0.00269541778976
281	C	14	0.0377358490566
281	G	1	0.00269541778976
282	C	1	0.00269541778976
283	C	1	0.00269541778976
283	G	2	0.00539083557951
284	T	40	0.10781671159
286	T	1	0.00269541778976
287	C	7	0.0188679245283
287	G	2	0.00539083557951
289	A	1	0.00269541778976
289	T	32	0.0862533692722
