Position	Nucleotide	Multiplicity	Frequency
52	C	1	0.00714285714286
55	A	140	1.0
60	C	1	0.00714285714286
62	T	1	0.00714285714286
64	T	1	0.00714285714286
65	C	27	0.192857142857
66	C	29	0.207142857143
68	T	3	0.0214285714286
69	A	1	0.00714285714286
70	A	1	0.00714285714286
70	C	5	0.0357142857143
71	C	25	0.178571428571
72	C	1	0.00714285714286
74	C	1	0.00714285714286
75	C	2	0.0142857142857
76	C	20	0.142857142857
78	C	1	0.00714285714286
78	G	1	0.00714285714286
79	C	6	0.0428571428571
79	G	1	0.00714285714286
80	T	41	0.292857142857
82	A	91	0.65
82	C	23	0.164285714286
83	G	25	0.178571428571
83	T	23	0.164285714286
84	C	1	0.00714285714286
85	C	1	0.00714285714286
85	G	1	0.00714285714286
86	C	4	0.0285714285714
87	G	1	0.00714285714286
88	G	20	0.142857142857
91	A	73	0.521428571429
91	C	20	0.142857142857
92	T	40	0.285714285714
94	T	4	0.0285714285714
97	T	4	0.0285714285714
98	A	1	0.00714285714286
98	C	20	0.142857142857
98	T	5	0.0357142857143
99	G	29	0.207142857143
102	G	2	0.0142857142857
103	A	55	0.392857142857
105	C	1	0.00714285714286
109	C	1	0.00714285714286
110	C	25	0.178571428571
110	T	1	0.00714285714286
115	C	1	0.00714285714286
116	A	1	0.00714285714286
117	C	26	0.185714285714
119	C	1	0.00714285714286
120	A	1	0.00714285714286
126	G	1	0.00714285714286
127	G	3	0.0214285714286
128	G	1	0.00714285714286
132	A	1	0.00714285714286
136	C	1	0.00714285714286
138	C	1	0.00714285714286
139	A	1	0.00714285714286
141	C	1	0.00714285714286
141	G	1	0.00714285714286
142	C	1	0.00714285714286
142	G	1	0.00714285714286
145	T	2	0.0142857142857
146	A	4	0.0285714285714
146	C	20	0.142857142857
146	T	25	0.178571428571
147	C	2	0.0142857142857
147	G	1	0.00714285714286
148	T	20	0.142857142857
149	A	29	0.207142857143
150	G	1	0.00714285714286
151	C	1	0.00714285714286
153	T	2	0.0142857142857
155	C	27	0.192857142857
156	T	1	0.00714285714286
157	A	1	0.00714285714286
158	G	1	0.00714285714286
159	C	1	0.00714285714286
159	G	64	0.457142857143
159	T	1	0.00714285714286
160	A	66	0.471428571429
160	T	1	0.00714285714286
161	A	42	0.3
161	C	1	0.00714285714286
161	G	23	0.164285714286
162	A	2	0.0142857142857
164	A	1	0.00714285714286
164	T	23	0.164285714286
165	C	2	0.0142857142857
167	C	2	0.0142857142857
167	G	23	0.164285714286
168	C	1	0.00714285714286
169	G	1	0.00714285714286
170	C	65	0.464285714286
171	C	1	0.00714285714286
172	T	25	0.178571428571
174	G	6	0.0428571428571
176	A	20	0.142857142857
176	T	23	0.164285714286
181	A	3	0.0214285714286
181	C	1	0.00714285714286
182	T	28	0.2
183	A	2	0.0142857142857
184	T	2	0.0142857142857
187	A	1	0.00714285714286
192	A	39	0.278571428571
192	T	1	0.00714285714286
193	G	48	0.342857142857
194	C	1	0.00714285714286
194	G	1	0.00714285714286
196	A	1	0.00714285714286
199	G	2	0.0142857142857
202	C	1	0.00714285714286
202	G	1	0.00714285714286
203	A	1	0.00714285714286
203	T	1	0.00714285714286
204	G	2	0.0142857142857
205	A	1	0.00714285714286
206	A	1	0.00714285714286
207	C	2	0.0142857142857
207	G	1	0.00714285714286
207	T	1	0.00714285714286
209	A	1	0.00714285714286
209	T	1	0.00714285714286
210	C	2	0.0142857142857
210	G	2	0.0142857142857
211	A	1	0.00714285714286
211	T	1	0.00714285714286
212	C	2	0.0142857142857
213	T	1	0.00714285714286
215	C	1	0.00714285714286
215	G	1	0.00714285714286
217	G	2	0.0142857142857
220	G	27	0.192857142857
221	T	24	0.171428571429
222	G	1	0.00714285714286
223	A	1	0.00714285714286
225	C	1	0.00714285714286
225	G	5	0.0357142857143
226	G	1	0.00714285714286
227	A	1	0.00714285714286
228	C	1	0.00714285714286
228	G	4	0.0285714285714
229	A	90	0.642857142857
229	C	25	0.178571428571
230	T	39	0.278571428571
231	C	3	0.0214285714286
232	T	1	0.00714285714286
235	A	1	0.00714285714286
235	T	1	0.00714285714286
239	T	4	0.0285714285714
240	T	6	0.0428571428571
242	T	3	0.0214285714286
244	G	2	0.0142857142857
245	A	39	0.278571428571
245	C	4	0.0285714285714
247	T	3	0.0214285714286
249	C	1	0.00714285714286
249	G	4	0.0285714285714
250	A	5	0.0357142857143
251	G	1	0.00714285714286
252	C	1	0.00714285714286
252	G	2	0.0142857142857
252	T	1	0.00714285714286
255	T	1	0.00714285714286
256	C	1	0.00714285714286
256	G	1	0.00714285714286
258	C	1	0.00714285714286
258	G	39	0.278571428571
259	G	1	0.00714285714286
260	T	1	0.00714285714286
266	T	1	0.00714285714286
268	C	2	0.0142857142857
268	G	1	0.00714285714286
269	A	1	0.00714285714286
270	C	2	0.0142857142857
273	T	3	0.0214285714286
276	T	20	0.142857142857
277	A	1	0.00714285714286
277	C	1	0.00714285714286
277	G	1	0.00714285714286
278	A	21	0.15
278	C	39	0.278571428571
279	G	1	0.00714285714286
282	C	1	0.00714285714286
283	G	1	0.00714285714286
284	T	1	0.00714285714286
285	C	1	0.00714285714286
285	G	1	0.00714285714286
286	A	1	0.00714285714286
286	T	1	0.00714285714286
287	C	1	0.00714285714286
287	G	1	0.00714285714286
