Position	Nucleotide	Multiplicity	Frequency
48	C	1	0.0149253731343
50	T	1	0.0149253731343
55	A	1	0.0149253731343
56	G	1	0.0149253731343
57	A	1	0.0149253731343
65	C	17	0.253731343284
66	A	18	0.268656716418
66	C	1	0.0149253731343
67	T	10	0.149253731343
69	A	19	0.283582089552
72	C	1	0.0149253731343
76	C	19	0.283582089552
77	G	10	0.149253731343
78	C	1	0.0149253731343
83	G	19	0.283582089552
84	C	1	0.0149253731343
85	C	29	0.432835820896
86	G	19	0.283582089552
90	G	21	0.313432835821
91	A	22	0.328358208955
92	T	29	0.432835820896
93	C	29	0.432835820896
95	T	18	0.268656716418
97	C	10	0.149253731343
105	C	1	0.0149253731343
107	C	1	0.0149253731343
109	C	1	0.0149253731343
111	T	1	0.0149253731343
113	T	1	0.0149253731343
116	C	1	0.0149253731343
116	G	1	0.0149253731343
118	G	29	0.432835820896
120	T	1	0.0149253731343
121	T	10	0.149253731343
122	C	1	0.0149253731343
124	A	3	0.044776119403
127	C	1	0.0149253731343
131	A	10	0.149253731343
131	C	17	0.253731343284
132	A	1	0.0149253731343
132	T	10	0.149253731343
134	A	1	0.0149253731343
134	T	1	0.0149253731343
135	A	19	0.283582089552
140	A	1	0.0149253731343
141	C	6	0.089552238806
143	A	6	0.089552238806
144	G	19	0.283582089552
146	C	9	0.134328358209
147	T	7	0.10447761194
148	A	16	0.238805970149
148	T	18	0.268656716418
149	C	10	0.149253731343
153	C	1	0.0149253731343
153	G	1	0.0149253731343
154	G	7	0.10447761194
156	C	3	0.044776119403
157	A	19	0.283582089552
157	C	38	0.567164179104
158	G	6	0.089552238806
159	C	19	0.283582089552
160	C	1	0.0149253731343
162	T	1	0.0149253731343
164	A	9	0.134328358209
164	C	1	0.0149253731343
165	C	1	0.0149253731343
165	G	1	0.0149253731343
166	A	1	0.0149253731343
166	C	19	0.283582089552
166	T	1	0.0149253731343
167	C	1	0.0149253731343
167	G	1	0.0149253731343
168	C	2	0.0298507462687
168	G	19	0.283582089552
168	T	16	0.238805970149
169	C	14	0.208955223881
169	T	36	0.537313432836
170	T	1	0.0149253731343
172	T	1	0.0149253731343
173	C	1	0.0149253731343
173	G	18	0.268656716418
174	G	19	0.283582089552
175	A	19	0.283582089552
175	C	19	0.283582089552
175	G	1	0.0149253731343
176	C	8	0.119402985075
176	G	6	0.089552238806
176	T	1	0.0149253731343
179	T	9	0.134328358209
184	C	1	0.0149253731343
184	G	19	0.283582089552
186	C	1	0.0149253731343
186	G	1	0.0149253731343
187	T	1	0.0149253731343
189	T	1	0.0149253731343
190	G	1	0.0149253731343
192	G	3	0.044776119403
196	T	1	0.0149253731343
200	G	1	0.0149253731343
201	C	1	0.0149253731343
204	C	1	0.0149253731343
207	C	1	0.0149253731343
207	G	3	0.044776119403
208	C	1	0.0149253731343
208	G	1	0.0149253731343
210	C	2	0.0298507462687
210	G	2	0.0298507462687
219	G	1	0.0149253731343
221	A	1	0.0149253731343
222	A	1	0.0149253731343
228	G	6	0.089552238806
229	G	10	0.149253731343
230	A	1	0.0149253731343
230	G	6	0.089552238806
232	T	1	0.0149253731343
233	T	10	0.149253731343
234	G	18	0.268656716418
235	C	1	0.0149253731343
235	G	1	0.0149253731343
236	A	1	0.0149253731343
236	C	19	0.283582089552
237	C	1	0.0149253731343
238	T	19	0.283582089552
242	C	36	0.537313432836
244	C	1	0.0149253731343
247	C	1	0.0149253731343
250	G	1	0.0149253731343
252	G	1	0.0149253731343
253	A	29	0.432835820896
254	G	1	0.0149253731343
259	C	1	0.0149253731343
260	G	10	0.149253731343
261	C	19	0.283582089552
262	T	18	0.268656716418
266	A	1	0.0149253731343
266	C	1	0.0149253731343
268	T	1	0.0149253731343
269	A	1	0.0149253731343
269	T	1	0.0149253731343
275	C	19	0.283582089552
276	A	19	0.283582089552
278	A	19	0.283582089552
278	C	26	0.388059701493
282	G	1	0.0149253731343
284	A	1	0.0149253731343
287	C	19	0.283582089552
288	A	19	0.283582089552
289	T	10	0.149253731343
