Position	Nucleotide	Multiplicity	Frequency
47	A	1	0.00242718446602
48	C	1	0.00242718446602
49	G	1	0.00242718446602
49	T	1	0.00242718446602
50	T	3	0.00728155339806
52	C	1	0.00242718446602
55	A	1	0.00242718446602
56	G	2	0.00485436893204
57	A	1	0.00242718446602
58	C	2	0.00485436893204
60	C	1	0.00242718446602
62	A	1	0.00242718446602
63	C	2	0.00485436893204
65	A	1	0.00242718446602
65	C	4	0.00970873786408
66	A	16	0.0388349514563
66	T	6	0.0145631067961
67	A	7	0.0169902912621
67	T	5	0.0121359223301
68	G	13	0.0315533980583
69	A	9	0.0218446601942
69	C	1	0.00242718446602
70	T	73	0.177184466019
71	G	19	0.0461165048544
71	T	1	0.00242718446602
72	A	1	0.00242718446602
72	C	2	0.00485436893204
72	G	1	0.00242718446602
73	A	1	0.00242718446602
74	A	2	0.00485436893204
74	C	3	0.00728155339806
75	A	1	0.00242718446602
76	A	71	0.172330097087
76	C	7	0.0169902912621
77	C	1	0.00242718446602
77	G	4	0.00970873786408
78	A	26	0.0631067961165
78	C	5	0.0121359223301
79	A	3	0.00728155339806
79	C	1	0.00242718446602
80	A	33	0.0800970873786
80	G	69	0.167475728155
81	G	10	0.0242718446602
82	A	2	0.00485436893204
82	G	11	0.0266990291262
82	T	7	0.0169902912621
83	T	3	0.00728155339806
84	A	23	0.0558252427184
84	C	4	0.00970873786408
84	T	10	0.0242718446602
85	A	1	0.00242718446602
85	C	16	0.0388349514563
86	A	1	0.00242718446602
86	G	1	0.00242718446602
86	T	2	0.00485436893204
87	C	3	0.00728155339806
87	G	8	0.0194174757282
88	A	72	0.174757281553
88	C	53	0.128640776699
88	T	9	0.0218446601942
89	A	1	0.00242718446602
89	C	42	0.101941747573
89	G	9	0.0218446601942
90	C	1	0.00242718446602
90	G	16	0.0388349514563
90	T	3	0.00728155339806
91	A	64	0.155339805825
91	C	26	0.0631067961165
91	T	2	0.00485436893204
92	T	42	0.101941747573
93	C	36	0.0873786407767
93	G	28	0.0679611650485
93	T	2	0.00485436893204
94	C	86	0.208737864078
94	G	9	0.0218446601942
94	T	1	0.00242718446602
95	T	8	0.0194174757282
96	C	9	0.0218446601942
96	G	2	0.00485436893204
97	G	26	0.0631067961165
97	T	2	0.00485436893204
99	C	4	0.00970873786408
99	G	8	0.0194174757282
99	T	26	0.0631067961165
100	C	1	0.00242718446602
101	A	3	0.00728155339806
101	C	22	0.0533980582524
101	T	1	0.00242718446602
102	C	1	0.00242718446602
102	G	3	0.00728155339806
103	C	3	0.00728155339806
103	T	2	0.00485436893204
104	T	67	0.162621359223
105	C	2	0.00485436893204
108	A	30	0.0728155339806
108	T	1	0.00242718446602
109	C	3	0.00728155339806
110	A	1	0.00242718446602
110	T	1	0.00242718446602
111	T	1	0.00242718446602
112	A	1	0.00242718446602
112	T	1	0.00242718446602
113	A	4	0.00970873786408
113	G	4	0.00970873786408
113	T	4	0.00970873786408
114	A	5	0.0121359223301
114	T	2	0.00485436893204
115	C	1	0.00242718446602
115	G	2	0.00485436893204
115	T	2	0.00485436893204
116	A	1	0.00242718446602
116	T	1	0.00242718446602
117	A	18	0.0436893203883
117	C	2	0.00485436893204
117	T	3	0.00728155339806
118	G	3	0.00728155339806
119	C	2	0.00485436893204
121	A	1	0.00242718446602
122	C	1	0.00242718446602
122	G	2	0.00485436893204
123	C	1	0.00242718446602
125	A	60	0.145631067961
125	C	2	0.00485436893204
125	T	6	0.0145631067961
126	C	1	0.00242718446602
127	C	8	0.0194174757282
127	G	6	0.0145631067961
128	A	1	0.00242718446602
131	A	57	0.138349514563
131	C	13	0.0315533980583
133	C	2	0.00485436893204
134	A	1	0.00242718446602
134	T	5	0.0121359223301
135	C	5	0.0121359223301
136	C	3	0.00728155339806
136	G	1	0.00242718446602
137	A	11	0.0266990291262
138	C	1	0.00242718446602
138	G	1	0.00242718446602
139	T	2	0.00485436893204
140	A	1	0.00242718446602
141	A	54	0.131067961165
141	C	4	0.00970873786408
142	C	2	0.00485436893204
143	G	3	0.00728155339806
143	T	3	0.00728155339806
144	A	1	0.00242718446602
144	C	1	0.00242718446602
144	G	9	0.0218446601942
145	G	2	0.00485436893204
145	T	1	0.00242718446602
146	C	3	0.00728155339806
146	G	3	0.00728155339806
146	T	5	0.0121359223301
147	A	133	0.322815533981
147	C	93	0.22572815534
147	T	6	0.0145631067961
148	A	1	0.00242718446602
148	C	70	0.169902912621
148	G	15	0.0364077669903
149	A	5	0.0121359223301
149	C	40	0.0970873786408
149	G	9	0.0218446601942
150	C	5	0.0121359223301
150	G	9	0.0218446601942
151	C	4	0.00970873786408
151	G	5	0.0121359223301
152	C	61	0.148058252427
152	G	5	0.0121359223301
153	A	17	0.0412621359223
153	C	41	0.0995145631068
153	G	42	0.101941747573
154	C	73	0.177184466019
154	G	8	0.0194174757282
154	T	59	0.143203883495
155	A	7	0.0169902912621
155	C	13	0.0315533980583
155	G	10	0.0242718446602
156	C	3	0.00728155339806
156	G	41	0.0995145631068
157	A	18	0.0436893203883
157	C	90	0.218446601942
157	T	104	0.252427184466
158	A	8	0.0194174757282
158	G	35	0.0849514563107
158	T	45	0.109223300971
159	A	93	0.22572815534
159	C	6	0.0145631067961
159	T	1	0.00242718446602
160	A	181	0.43932038835
160	C	64	0.155339805825
160	T	2	0.00485436893204
161	A	1	0.00242718446602
161	C	14	0.0339805825243
161	G	17	0.0412621359223
162	A	82	0.199029126214
162	C	7	0.0169902912621
162	T	2	0.00485436893204
163	A	48	0.116504854369
163	T	10	0.0242718446602
164	A	28	0.0679611650485
164	C	15	0.0364077669903
164	G	31	0.0752427184466
165	C	3	0.00728155339806
165	G	158	0.383495145631
165	T	11	0.0266990291262
166	A	133	0.322815533981
166	C	134	0.325242718447
166	T	8	0.0194174757282
167	A	2	0.00485436893204
167	G	10	0.0242718446602
167	T	21	0.0509708737864
168	C	2	0.00485436893204
168	G	12	0.0291262135922
168	T	1	0.00242718446602
169	T	1	0.00242718446602
170	C	2	0.00485436893204
170	G	25	0.0606796116505
170	T	3	0.00728155339806
171	A	30	0.0728155339806
171	C	96	0.233009708738
171	G	3	0.00728155339806
172	C	4	0.00970873786408
172	G	2	0.00485436893204
172	T	43	0.104368932039
173	A	1	0.00242718446602
173	G	57	0.138349514563
173	T	8	0.0194174757282
174	C	1	0.00242718446602
175	G	2	0.00485436893204
176	A	3	0.00728155339806
176	T	18	0.0436893203883
177	C	1	0.00242718446602
177	T	7	0.0169902912621
178	A	1	0.00242718446602
178	T	2	0.00485436893204
179	C	3	0.00728155339806
179	G	33	0.0800970873786
179	T	1	0.00242718446602
180	A	3	0.00728155339806
180	C	27	0.0655339805825
180	T	2	0.00485436893204
181	C	1	0.00242718446602
181	G	5	0.0121359223301
181	T	6	0.0145631067961
182	G	12	0.0291262135922
182	T	3	0.00728155339806
183	A	1	0.00242718446602
183	C	2	0.00485436893204
183	G	6	0.0145631067961
184	A	1	0.00242718446602
184	T	1	0.00242718446602
185	A	1	0.00242718446602
185	T	1	0.00242718446602
186	C	30	0.0728155339806
186	T	5	0.0121359223301
187	C	1	0.00242718446602
187	G	1	0.00242718446602
188	C	1	0.00242718446602
188	T	9	0.0218446601942
189	C	57	0.138349514563
189	G	2	0.00485436893204
190	C	2	0.00485436893204
190	G	76	0.184466019417
191	T	1	0.00242718446602
192	T	1	0.00242718446602
193	A	13	0.0315533980583
194	T	1	0.00242718446602
195	C	3	0.00728155339806
195	G	2	0.00485436893204
196	A	3	0.00728155339806
196	T	1	0.00242718446602
197	C	4	0.00970873786408
197	G	12	0.0291262135922
198	A	1	0.00242718446602
198	C	3	0.00728155339806
198	G	1	0.00242718446602
199	A	1	0.00242718446602
200	A	2	0.00485436893204
200	T	5	0.0121359223301
201	C	2	0.00485436893204
201	G	1	0.00242718446602
202	A	1	0.00242718446602
202	G	7	0.0169902912621
202	T	7	0.0169902912621
203	A	2	0.00485436893204
203	G	1	0.00242718446602
203	T	8	0.0194174757282
204	C	4	0.00970873786408
204	G	5	0.0121359223301
204	T	1	0.00242718446602
205	C	2	0.00485436893204
205	G	1	0.00242718446602
206	G	35	0.0849514563107
206	T	18	0.0436893203883
207	C	2	0.00485436893204
207	G	1	0.00242718446602
208	A	1	0.00242718446602
209	T	6	0.0145631067961
210	C	30	0.0728155339806
210	G	1	0.00242718446602
211	A	9	0.0218446601942
211	C	10	0.0242718446602
211	T	1	0.00242718446602
212	C	1	0.00242718446602
212	G	7	0.0169902912621
213	A	9	0.0218446601942
213	T	1	0.00242718446602
214	C	2	0.00485436893204
214	G	4	0.00970873786408
214	T	1	0.00242718446602
215	A	1	0.00242718446602
215	G	1	0.00242718446602
215	T	1	0.00242718446602
216	C	3	0.00728155339806
216	G	60	0.145631067961
216	T	28	0.0679611650485
217	C	108	0.26213592233
217	G	57	0.138349514563
217	T	2	0.00485436893204
218	A	16	0.0388349514563
218	C	4	0.00970873786408
218	G	3	0.00728155339806
219	A	1	0.00242718446602
219	C	1	0.00242718446602
219	G	3	0.00728155339806
220	A	3	0.00728155339806
220	T	2	0.00485436893204
221	A	5	0.0121359223301
221	G	2	0.00485436893204
221	T	1	0.00242718446602
222	C	2	0.00485436893204
222	G	6	0.0145631067961
223	C	1	0.00242718446602
223	G	35	0.0849514563107
223	T	1	0.00242718446602
224	A	1	0.00242718446602
224	C	3	0.00728155339806
224	T	24	0.0582524271845
225	C	1	0.00242718446602
225	G	2	0.00485436893204
226	C	7	0.0169902912621
226	G	18	0.0436893203883
227	A	6	0.0145631067961
227	G	3	0.00728155339806
227	T	24	0.0582524271845
228	C	4	0.00970873786408
228	G	5	0.0121359223301
228	T	1	0.00242718446602
229	A	3	0.00728155339806
229	G	3	0.00728155339806
229	T	14	0.0339805825243
230	A	54	0.131067961165
230	C	93	0.22572815534
231	A	10	0.0242718446602
231	G	83	0.20145631068
231	T	60	0.145631067961
232	C	4	0.00970873786408
232	G	3	0.00728155339806
233	A	12	0.0291262135922
233	C	1	0.00242718446602
233	T	18	0.0436893203883
234	A	35	0.0849514563107
234	C	71	0.172330097087
234	G	30	0.0728155339806
235	C	57	0.138349514563
235	G	3	0.00728155339806
235	T	60	0.145631067961
236	A	1	0.00242718446602
236	C	5	0.0121359223301
236	G	7	0.0169902912621
237	A	41	0.0995145631068
237	G	11	0.0266990291262
237	T	1	0.00242718446602
238	C	1	0.00242718446602
239	A	58	0.140776699029
239	C	51	0.123786407767
239	G	3	0.00728155339806
240	A	3	0.00728155339806
240	G	6	0.0145631067961
241	C	1	0.00242718446602
242	C	1	0.00242718446602
242	G	87	0.211165048544
243	C	2	0.00485436893204
243	G	1	0.00242718446602
243	T	5	0.0121359223301
244	G	1	0.00242718446602
245	A	9	0.0218446601942
245	C	55	0.133495145631
245	T	40	0.0970873786408
246	C	16	0.0388349514563
246	G	20	0.0485436893204
247	C	6	0.0145631067961
247	G	6	0.0145631067961
248	G	2	0.00485436893204
248	T	91	0.220873786408
249	C	3	0.00728155339806
249	G	60	0.145631067961
249	T	29	0.0703883495146
250	A	66	0.160194174757
250	C	28	0.0679611650485
251	A	2	0.00485436893204
251	T	6	0.0145631067961
252	G	34	0.0825242718447
252	T	56	0.135922330097
253	C	1	0.00242718446602
253	G	2	0.00485436893204
254	A	1	0.00242718446602
254	C	5	0.0121359223301
254	T	4	0.00970873786408
255	C	4	0.00970873786408
255	G	4	0.00970873786408
255	T	7	0.0169902912621
256	A	4	0.00970873786408
256	C	4	0.00970873786408
257	C	3	0.00728155339806
257	G	10	0.0242718446602
257	T	3	0.00728155339806
258	A	3	0.00728155339806
258	T	1	0.00242718446602
259	G	5	0.0121359223301
259	T	71	0.172330097087
260	T	1	0.00242718446602
261	T	2	0.00485436893204
263	A	5	0.0121359223301
263	C	65	0.157766990291
263	T	7	0.0169902912621
264	A	1	0.00242718446602
264	T	7	0.0169902912621
266	A	3	0.00728155339806
267	G	1	0.00242718446602
267	T	2	0.00485436893204
268	T	1	0.00242718446602
269	A	2	0.00485436893204
269	C	1	0.00242718446602
269	T	1	0.00242718446602
271	G	5	0.0121359223301
272	C	4	0.00970873786408
272	G	7	0.0169902912621
273	A	17	0.0412621359223
273	C	15	0.0364077669903
273	T	1	0.00242718446602
274	A	1	0.00242718446602
274	C	2	0.00485436893204
274	G	1	0.00242718446602
275	A	34	0.0825242718447
275	C	81	0.196601941748
275	T	21	0.0509708737864
276	A	1	0.00242718446602
276	C	1	0.00242718446602
276	G	1	0.00242718446602
278	C	63	0.152912621359
278	G	2	0.00485436893204
279	C	33	0.0800970873786
279	G	1	0.00242718446602
280	C	1	0.00242718446602
280	G	3	0.00728155339806
280	T	61	0.148058252427
281	A	2	0.00485436893204
281	T	42	0.101941747573
282	A	2	0.00485436893204
282	C	1	0.00242718446602
282	G	1	0.00242718446602
283	A	1	0.00242718446602
284	C	7	0.0169902912621
285	A	62	0.150485436893
285	T	29	0.0703883495146
286	T	58	0.140776699029
287	A	2	0.00485436893204
287	C	12	0.0291262135922
