Position	Nucleotide	Multiplicity	Frequency
47	A	2	0.00259403372244
48	C	1	0.00129701686122
49	T	2	0.00259403372244
50	T	3	0.00389105058366
51	T	2	0.00259403372244
54	G	2	0.00259403372244
54	T	1	0.00129701686122
55	A	1	0.00129701686122
56	G	2	0.00259403372244
57	A	2	0.00259403372244
57	T	1	0.00129701686122
58	C	4	0.00518806744488
59	A	1	0.00129701686122
60	C	5	0.0064850843061
61	T	1	0.00129701686122
63	C	3	0.00389105058366
64	A	2	0.00259403372244
65	C	10	0.0129701686122
66	A	40	0.0518806744488
67	A	61	0.0791180285344
67	T	6	0.00778210116732
68	G	22	0.0285343709468
68	T	1	0.00129701686122
69	A	1	0.00129701686122
69	C	1	0.00129701686122
70	G	4	0.00518806744488
70	T	3	0.00389105058366
72	C	5	0.0064850843061
73	T	6	0.00778210116732
74	A	1	0.00129701686122
74	C	83	0.107652399481
75	A	1	0.00129701686122
75	T	1	0.00129701686122
76	C	1	0.00129701686122
77	C	1	0.00129701686122
77	G	3	0.00389105058366
78	A	1	0.00129701686122
78	C	1	0.00129701686122
78	G	2	0.00259403372244
79	C	5	0.0064850843061
79	G	1	0.00129701686122
80	T	23	0.029831387808
81	C	3	0.00389105058366
81	G	3	0.00389105058366
82	A	19	0.0246433203632
82	G	12	0.0155642023346
82	T	4	0.00518806744488
83	A	29	0.0376134889754
83	G	131	0.16990920882
83	T	52	0.0674448767834
84	A	1	0.00129701686122
84	C	2	0.00259403372244
84	G	1	0.00129701686122
85	C	4	0.00518806744488
86	A	1	0.00129701686122
86	C	75	0.0972762645914
87	C	30	0.0389105058366
87	G	17	0.0220492866407
88	A	11	0.0142671854734
88	C	175	0.226977950713
88	T	1	0.00129701686122
89	C	4	0.00518806744488
89	G	32	0.041504539559
90	C	4	0.00518806744488
90	G	11	0.0142671854734
90	T	10	0.0129701686122
91	A	35	0.0453955901427
91	C	528	0.684824902724
91	T	14	0.0181582360571
92	A	47	0.0609597924773
92	G	56	0.0726329442283
92	T	200	0.259403372244
93	C	14	0.0181582360571
93	G	3	0.00389105058366
94	C	1	0.00129701686122
94	G	1	0.00129701686122
94	T	230	0.29831387808
95	C	79	0.102464332036
96	C	1	0.00129701686122
96	G	1	0.00129701686122
97	A	4	0.00518806744488
97	C	2	0.00259403372244
97	T	2	0.00259403372244
98	A	15	0.0194552529183
98	C	2	0.00259403372244
98	T	1	0.00129701686122
99	C	1	0.00129701686122
99	G	1	0.00129701686122
100	A	1	0.00129701686122
100	C	4	0.00518806744488
101	A	2	0.00259403372244
102	C	1	0.00129701686122
102	G	3	0.00389105058366
102	T	1	0.00129701686122
103	A	539	0.699092088197
103	C	128	0.166018158236
103	T	2	0.00259403372244
104	G	23	0.029831387808
104	T	217	0.281452658885
105	C	10	0.0129701686122
106	A	1	0.00129701686122
106	C	1	0.00129701686122
106	T	1	0.00129701686122
107	A	3	0.00389105058366
107	T	3	0.00389105058366
108	A	27	0.0350194552529
109	C	33	0.0428015564202
109	G	1	0.00129701686122
110	A	1	0.00129701686122
110	T	3	0.00389105058366
111	G	1	0.00129701686122
111	T	2	0.00259403372244
112	A	2	0.00259403372244
112	C	1	0.00129701686122
112	T	1	0.00129701686122
113	A	1	0.00129701686122
113	G	10	0.0129701686122
113	T	1	0.00129701686122
114	G	2	0.00259403372244
114	T	2	0.00259403372244
115	C	1	0.00129701686122
115	G	1	0.00129701686122
116	A	1	0.00129701686122
116	C	15	0.0194552529183
116	T	1	0.00129701686122
117	A	15	0.0194552529183
117	C	1	0.00129701686122
117	T	3	0.00389105058366
118	G	1	0.00129701686122
118	T	1	0.00129701686122
119	C	20	0.0259403372244
119	G	8	0.0103761348898
120	A	1	0.00129701686122
120	T	1	0.00129701686122
121	A	2	0.00259403372244
121	T	1	0.00129701686122
122	C	4	0.00518806744488
122	G	7	0.00907911802853
122	T	18	0.0233463035019
124	A	2	0.00259403372244
124	C	1	0.00129701686122
125	A	26	0.0337224383917
125	C	94	0.121919584955
126	C	1	0.00129701686122
126	G	57	0.0739299610895
127	G	60	0.0778210116732
128	T	1	0.00129701686122
129	A	3	0.00389105058366
130	A	2	0.00259403372244
131	A	19	0.0246433203632
131	C	1	0.00129701686122
131	T	21	0.0272373540856
132	A	6	0.00778210116732
132	T	1	0.00129701686122
133	A	1	0.00129701686122
133	C	12	0.0155642023346
134	A	11	0.0142671854734
134	C	14	0.0181582360571
136	G	2	0.00259403372244
136	T	1	0.00129701686122
137	A	1	0.00129701686122
138	C	3	0.00389105058366
138	G	3	0.00389105058366
140	A	1	0.00129701686122
140	C	2	0.00259403372244
140	T	1	0.00129701686122
141	A	3	0.00389105058366
141	C	41	0.05317769131
142	A	2	0.00259403372244
142	C	3	0.00389105058366
142	G	1	0.00129701686122
143	A	1	0.00129701686122
143	C	3	0.00389105058366
143	T	2	0.00259403372244
144	A	2	0.00259403372244
144	C	2	0.00259403372244
144	T	4	0.00518806744488
145	G	51	0.0661478599222
145	T	1	0.00129701686122
146	A	6	0.00778210116732
146	G	4	0.00518806744488
146	T	2	0.00259403372244
147	C	15	0.0194552529183
147	G	9	0.011673151751
147	T	5	0.0064850843061
148	C	2	0.00259403372244
148	G	10	0.0129701686122
148	T	6	0.00778210116732
149	A	2	0.00259403372244
149	G	23	0.029831387808
149	T	11	0.0142671854734
150	C	2	0.00259403372244
150	G	2	0.00259403372244
150	T	1	0.00129701686122
151	A	1	0.00129701686122
151	C	2	0.00259403372244
152	C	17	0.0220492866407
152	G	1	0.00129701686122
152	T	17	0.0220492866407
153	C	11	0.0142671854734
153	G	2	0.00259403372244
154	C	2	0.00259403372244
154	G	15	0.0194552529183
155	A	265	0.343709468223
155	C	3	0.00389105058366
155	T	3	0.00389105058366
156	A	1	0.00129701686122
156	G	12	0.0155642023346
156	T	2	0.00259403372244
157	G	3	0.00389105058366
157	T	1	0.00129701686122
158	C	1	0.00129701686122
158	G	109	0.141374837873
158	T	18	0.0233463035019
159	T	1	0.00129701686122
160	C	2	0.00259403372244
160	G	14	0.0181582360571
161	A	1	0.00129701686122
161	C	116	0.150453955901
161	G	4	0.00518806744488
162	A	2	0.00259403372244
163	A	1	0.00129701686122
163	C	1	0.00129701686122
164	C	1	0.00129701686122
164	G	44	0.0570687418936
165	C	2	0.00259403372244
165	G	108	0.140077821012
165	T	1	0.00129701686122
166	A	9	0.011673151751
166	C	364	0.472114137484
167	A	3	0.00389105058366
167	C	20	0.0259403372244
167	G	1	0.00129701686122
168	A	6	0.00778210116732
168	T	1	0.00129701686122
169	C	4	0.00518806744488
169	G	2	0.00259403372244
169	T	3	0.00389105058366
170	A	2	0.00259403372244
170	C	290	0.376134889754
170	T	4	0.00518806744488
171	C	110	0.142671854734
171	G	114	0.147859922179
171	T	1	0.00129701686122
172	C	226	0.293125810636
172	G	8	0.0103761348898
172	T	1	0.00129701686122
173	C	6	0.00778210116732
173	G	102	0.132295719844
174	A	502	0.651102464332
174	C	111	0.143968871595
174	G	8	0.0103761348898
175	C	10	0.0129701686122
175	G	4	0.00518806744488
175	T	1	0.00129701686122
176	A	27	0.0350194552529
176	G	1	0.00129701686122
176	T	115	0.14915693904
177	C	2	0.00259403372244
178	G	1	0.00129701686122
179	A	1	0.00129701686122
179	C	45	0.0583657587549
179	G	2	0.00259403372244
180	A	3	0.00389105058366
180	C	1	0.00129701686122
180	T	11	0.0142671854734
181	C	84	0.108949416342
181	G	8	0.0103761348898
182	A	49	0.0635538261997
182	T	15	0.0194552529183
183	C	1	0.00129701686122
184	C	13	0.0168612191958
184	G	2	0.00259403372244
184	T	1	0.00129701686122
185	A	36	0.0466926070039
185	T	2	0.00259403372244
186	C	2	0.00259403372244
186	G	11	0.0142671854734
187	T	1	0.00129701686122
188	A	1	0.00129701686122
188	C	2	0.00259403372244
188	G	2	0.00259403372244
189	C	1	0.00129701686122
189	T	3	0.00389105058366
190	C	10	0.0129701686122
190	G	2	0.00259403372244
191	A	31	0.0402075226978
191	T	1	0.00129701686122
192	C	2	0.00259403372244
192	G	6	0.00778210116732
192	T	2	0.00259403372244
193	C	2	0.00259403372244
193	G	246	0.31906614786
194	A	2	0.00259403372244
194	C	11	0.0142671854734
196	C	2	0.00259403372244
196	T	4	0.00518806744488
197	A	1	0.00129701686122
197	G	3	0.00389105058366
198	A	3	0.00389105058366
198	T	2	0.00259403372244
199	A	4	0.00518806744488
199	T	1	0.00129701686122
200	C	13	0.0168612191958
200	G	4	0.00518806744488
200	T	2	0.00259403372244
201	C	1	0.00129701686122
201	G	32	0.041504539559
202	C	2	0.00259403372244
203	A	1	0.00129701686122
203	T	3	0.00389105058366
204	C	2	0.00259403372244
204	G	2	0.00259403372244
204	T	1	0.00129701686122
205	A	4	0.00518806744488
205	G	79	0.102464332036
205	T	44	0.0570687418936
206	T	5	0.0064850843061
207	C	3	0.00389105058366
207	G	44	0.0570687418936
208	A	1	0.00129701686122
208	C	4	0.00518806744488
208	G	1	0.00129701686122
209	A	1	0.00129701686122
209	T	32	0.041504539559
210	A	3	0.00389105058366
210	C	7	0.00907911802853
210	G	25	0.0324254215305
212	A	4	0.00518806744488
212	T	1	0.00129701686122
213	C	125	0.162127107652
213	G	2	0.00259403372244
214	A	1	0.00129701686122
214	T	1	0.00129701686122
215	C	11	0.0142671854734
215	G	27	0.0350194552529
215	T	1	0.00129701686122
216	A	1	0.00129701686122
216	T	2	0.00259403372244
217	C	4	0.00518806744488
217	G	5	0.0064850843061
218	A	2	0.00259403372244
219	C	2	0.00259403372244
219	G	5	0.0064850843061
219	T	1	0.00129701686122
220	T	1	0.00129701686122
221	A	7	0.00907911802853
221	T	38	0.0492866407263
222	A	147	0.190661478599
222	C	14	0.0181582360571
222	T	44	0.0570687418936
223	A	3	0.00389105058366
223	G	135	0.175097276265
223	T	24	0.0311284046693
224	A	2	0.00259403372244
224	T	2	0.00259403372244
225	C	80	0.103761348898
225	G	5	0.0064850843061
225	T	10	0.0129701686122
226	C	1	0.00129701686122
226	G	76	0.0985732814527
227	A	60	0.0778210116732
227	C	1	0.00129701686122
228	C	32	0.041504539559
228	G	1	0.00129701686122
229	C	2	0.00259403372244
229	G	50	0.064850843061
229	T	7	0.00907911802853
230	A	39	0.0505836575875
230	G	233	0.302204928664
230	T	116	0.150453955901
231	A	53	0.0687418936446
231	C	2	0.00259403372244
231	G	12	0.0155642023346
232	A	3	0.00389105058366
232	T	32	0.041504539559
233	C	31	0.0402075226978
233	G	80	0.103761348898
233	T	2	0.00259403372244
234	G	166	0.215304798962
234	T	2	0.00259403372244
235	C	4	0.00518806744488
235	G	7	0.00907911802853
236	A	51	0.0661478599222
236	C	22	0.0285343709468
236	T	3	0.00389105058366
237	A	6	0.00778210116732
237	C	15	0.0194552529183
237	G	3	0.00389105058366
238	C	258	0.334630350195
238	G	1	0.00129701686122
238	T	109	0.141374837873
239	A	2	0.00259403372244
239	C	6	0.00778210116732
239	G	9	0.011673151751
240	A	1	0.00129701686122
240	T	54	0.0700389105058
241	A	1	0.00129701686122
241	C	2	0.00259403372244
241	G	2	0.00259403372244
242	A	20	0.0259403372244
242	C	1	0.00129701686122
242	T	4	0.00518806744488
243	A	2	0.00259403372244
243	G	103	0.133592736706
243	T	2	0.00259403372244
244	G	1	0.00129701686122
244	T	1	0.00129701686122
245	C	105	0.136186770428
245	G	30	0.0389105058366
245	T	31	0.0402075226978
246	G	3	0.00389105058366
247	C	1	0.00129701686122
247	G	2	0.00259403372244
248	A	3	0.00389105058366
248	C	92	0.119325551232
248	T	3	0.00389105058366
249	C	81	0.105058365759
249	G	41	0.05317769131
249	T	2	0.00259403372244
250	C	41	0.05317769131
250	G	216	0.280155642023
250	T	10	0.0129701686122
251	A	3	0.00389105058366
251	T	64	0.083009079118
252	C	4	0.00518806744488
252	G	83	0.107652399481
252	T	1	0.00129701686122
253	A	46	0.0596627756161
253	C	29	0.0376134889754
253	T	1	0.00129701686122
254	A	2	0.00259403372244
254	G	1	0.00129701686122
254	T	28	0.0363164721141
255	A	1	0.00129701686122
255	G	93	0.120622568093
255	T	6	0.00778210116732
256	C	2	0.00259403372244
256	G	5	0.0064850843061
257	A	30	0.0389105058366
257	C	8	0.0103761348898
257	T	2	0.00259403372244
258	C	10	0.0129701686122
258	G	39	0.0505836575875
259	A	33	0.0428015564202
259	C	77	0.0998702983139
260	C	3	0.00389105058366
260	G	32	0.041504539559
260	T	2	0.00259403372244
261	A	1	0.00129701686122
261	C	28	0.0363164721141
262	A	6	0.00778210116732
262	G	52	0.0674448767834
262	T	111	0.143968871595
263	A	2	0.00259403372244
264	A	3	0.00389105058366
264	T	2	0.00259403372244
265	G	19	0.0246433203632
266	A	16	0.0207522697795
266	C	61	0.0791180285344
266	T	2	0.00259403372244
267	A	2	0.00259403372244
267	C	1	0.00129701686122
268	C	1	0.00129701686122
269	A	3	0.00389105058366
269	T	3	0.00389105058366
270	G	28	0.0363164721141
270	T	34	0.0440985732815
271	A	3	0.00389105058366
271	T	1	0.00129701686122
272	A	32	0.041504539559
272	T	1	0.00129701686122
273	A	16	0.0207522697795
273	T	1	0.00129701686122
274	A	3	0.00389105058366
274	T	1	0.00129701686122
275	A	1	0.00129701686122
275	C	65	0.0843060959792
276	A	79	0.102464332036
276	C	202	0.261997405966
276	T	20	0.0259403372244
277	A	15	0.0194552529183
277	C	4	0.00518806744488
277	G	3	0.00389105058366
278	A	117	0.151750972763
278	C	337	0.437094682231
278	T	66	0.0856031128405
279	C	1	0.00129701686122
279	G	1	0.00129701686122
280	C	1	0.00129701686122
280	T	79	0.102464332036
281	A	2	0.00259403372244
281	C	28	0.0363164721141
281	G	3	0.00389105058366
282	C	14	0.0181582360571
283	G	3	0.00389105058366
283	T	51	0.0661478599222
284	T	40	0.0518806744488
285	A	2	0.00259403372244
285	C	3	0.00389105058366
285	G	1	0.00129701686122
286	A	2	0.00259403372244
286	T	2	0.00259403372244
287	C	1	0.00129701686122
287	G	3	0.00389105058366
288	A	2	0.00259403372244
288	T	1	0.00129701686122
289	G	8	0.0103761348898
289	T	4	0.00518806744488
290	A	4	0.00518806744488
290	C	37	0.0479896238651
