Position	Nucleotide	Multiplicity	Frequency
62	T	1	0.0555555555556
67	G	1	0.0555555555556
80	G	18	1.0
91	T	1	0.0555555555556
92	G	18	1.0
94	G	18	1.0
97	T	18	1.0
104	C	1	0.0555555555556
106	A	1	0.0555555555556
107	A	18	1.0
112	A	1	0.0555555555556
120	T	1	0.0555555555556
121	T	1	0.0555555555556
135	C	18	1.0
144	C	18	1.0
146	C	1	0.0555555555556
149	C	18	1.0
154	G	18	1.0
158	T	18	1.0
166	A	18	1.0
168	G	18	1.0
170	G	18	1.0
176	G	1	0.0555555555556
185	C	18	1.0
187	A	18	1.0
191	T	18	1.0
193	T	18	1.0
198	T	1	0.0555555555556
215	T	1	0.0555555555556
220	A	1	0.0555555555556
223	A	1	0.0555555555556
225	A	1	0.0555555555556
234	A	18	1.0
235	G	18	1.0
239	G	1	0.0555555555556
239	T	17	0.944444444444
240	G	18	1.0
241	G	1	0.0555555555556
242	A	17	0.944444444444
242	C	1	0.0555555555556
246	C	1	0.0555555555556
258	G	1	0.0555555555556
259	G	1	0.0555555555556
261	A	1	0.0555555555556
261	T	1	0.0555555555556
263	A	17	0.944444444444
263	G	1	0.0555555555556
269	G	1	0.0555555555556
270	C	1	0.0555555555556
275	T	1	0.0555555555556
276	G	18	1.0
278	A	18	1.0
280	G	18	1.0
281	C	18	1.0
282	G	18	1.0
283	G	1	0.0555555555556
284	G	18	1.0
285	A	18	1.0
288	A	1	0.0555555555556
289	G	18	1.0
290	C	18	1.0
