Position	Nucleotide	Multiplicity	Frequency
52	C	1	0.0212765957447
53	G	16	0.340425531915
56	C	16	0.340425531915
63	C	1	0.0212765957447
67	G	3	0.063829787234
72	C	1	0.0212765957447
76	A	4	0.0851063829787
79	G	1	0.0212765957447
81	C	1	0.0212765957447
82	C	1	0.0212765957447
90	C	7	0.148936170213
93	C	1	0.0212765957447
97	A	1	0.0212765957447
100	T	3	0.063829787234
102	A	39	0.829787234043
102	C	1	0.0212765957447
104	C	5	0.106382978723
116	A	1	0.0212765957447
117	C	1	0.0212765957447
121	C	3	0.063829787234
142	G	1	0.0212765957447
156	G	1	0.0212765957447
158	G	1	0.0212765957447
160	C	1	0.0212765957447
160	G	1	0.0212765957447
163	T	3	0.063829787234
164	A	1	0.0212765957447
165	G	1	0.0212765957447
169	T	1	0.0212765957447
171	C	1	0.0212765957447
172	G	1	0.0212765957447
173	T	2	0.0425531914894
178	C	1	0.0212765957447
180	C	39	0.829787234043
180	T	1	0.0212765957447
185	A	39	0.829787234043
185	C	1	0.0212765957447
190	T	40	0.851063829787
191	G	3	0.063829787234
192	A	4	0.0851063829787
193	C	7	0.148936170213
194	G	39	0.829787234043
194	T	1	0.0212765957447
196	G	1	0.0212765957447
199	C	1	0.0212765957447
199	G	1	0.0212765957447
202	G	1	0.0212765957447
204	C	1	0.0212765957447
206	C	40	0.851063829787
210	G	3	0.063829787234
212	C	1	0.0212765957447
212	G	3	0.063829787234
213	C	1	0.0212765957447
213	G	1	0.0212765957447
214	T	4	0.0851063829787
215	T	4	0.0851063829787
217	A	2	0.0425531914894
219	C	1	0.0212765957447
221	T	4	0.0851063829787
222	G	4	0.0851063829787
224	G	40	0.851063829787
226	G	1	0.0212765957447
228	G	1	0.0212765957447
230	G	2	0.0425531914894
235	T	40	0.851063829787
239	T	40	0.851063829787
242	A	1	0.0212765957447
246	C	1	0.0212765957447
250	C	1	0.0212765957447
254	A	40	0.851063829787
267	G	1	0.0212765957447
275	A	3	0.063829787234
275	T	1	0.0212765957447
278	A	1	0.0212765957447
287	C	40	0.851063829787
290	G	1	0.0212765957447
295	T	1	0.0212765957447
299	G	40	0.851063829787
