Position	Nucleotide	Multiplicity	Frequency
28	C	15	1.0
35	A	1	0.0666666666667
38	C	1	0.0666666666667
39	T	1	0.0666666666667
50	T	1	0.0666666666667
54	C	1	0.0666666666667
81	C	14	0.933333333333
89	T	14	0.933333333333
92	C	1	0.0666666666667
96	G	1	0.0666666666667
96	T	14	0.933333333333
97	A	14	0.933333333333
98	C	14	0.933333333333
99	G	1	0.0666666666667
102	A	1	0.0666666666667
110	T	1	0.0666666666667
114	T	1	0.0666666666667
121	C	1	0.0666666666667
142	C	1	0.0666666666667
156	C	2	0.133333333333
167	C	14	0.933333333333
171	C	14	0.933333333333
173	T	1	0.0666666666667
174	T	1	0.0666666666667
175	C	1	0.0666666666667
175	T	1	0.0666666666667
178	T	1	0.0666666666667
179	G	1	0.0666666666667
184	A	1	0.0666666666667
186	G	1	0.0666666666667
197	C	14	0.933333333333
198	C	14	0.933333333333
199	A	14	0.933333333333
203	A	1	0.0666666666667
210	C	14	0.933333333333
222	C	1	0.0666666666667
228	C	1	0.0666666666667
229	G	14	0.933333333333
237	A	1	0.0666666666667
239	C	1	0.0666666666667
245	A	14	0.933333333333
247	G	1	0.0666666666667
247	T	14	0.933333333333
248	G	14	0.933333333333
262	G	1	0.0666666666667
266	A	1	0.0666666666667
275	T	1	0.0666666666667
282	A	1	0.0666666666667
