Position	Nucleotide	Multiplicity	Frequency
48	G	1	0.00315457413249
49	T	1	0.00315457413249
50	T	2	0.00630914826498
53	C	8	0.0252365930599
54	A	1	0.00315457413249
54	C	1	0.00315457413249
55	T	1	0.00315457413249
56	A	8	0.0252365930599
56	T	1	0.00315457413249
58	C	2	0.00630914826498
60	G	2	0.00630914826498
61	T	3	0.00946372239748
63	C	1	0.00315457413249
64	A	1	0.00315457413249
64	T	1	0.00315457413249
65	T	11	0.0347003154574
67	G	29	0.0914826498423
67	T	1	0.00315457413249
69	A	14	0.0441640378549
69	T	1	0.00315457413249
70	C	4	0.01261829653
72	A	6	0.018927444795
72	C	2	0.00630914826498
73	C	6	0.018927444795
73	T	1	0.00315457413249
75	A	1	0.00315457413249
76	T	1	0.00315457413249
77	A	1	0.00315457413249
77	C	3	0.00946372239748
80	C	3	0.00946372239748
81	G	1	0.00315457413249
82	T	1	0.00315457413249
83	T	3	0.00946372239748
84	C	29	0.0914826498423
85	C	2	0.00630914826498
85	G	1	0.00315457413249
86	G	1	0.00315457413249
87	C	1	0.00315457413249
87	G	2	0.00630914826498
90	A	1	0.00315457413249
90	C	1	0.00315457413249
90	T	1	0.00315457413249
91	C	1	0.00315457413249
92	C	1	0.00315457413249
93	A	7	0.0220820189274
93	C	39	0.123028391167
94	T	44	0.13880126183
95	T	8	0.0252365930599
96	C	1	0.00315457413249
97	C	274	0.864353312303
97	T	18	0.0567823343849
98	G	22	0.0694006309148
98	T	1	0.00315457413249
100	A	1	0.00315457413249
101	A	1	0.00315457413249
102	C	1	0.00315457413249
102	G	2	0.00630914826498
103	A	41	0.129337539432
103	C	2	0.00630914826498
104	T	45	0.141955835962
105	A	1	0.00315457413249
105	C	1	0.00315457413249
108	C	1	0.00315457413249
108	G	25	0.0788643533123
109	G	1	0.00315457413249
112	C	1	0.00315457413249
112	T	1	0.00315457413249
115	G	3	0.00946372239748
116	A	12	0.0378548895899
117	G	1	0.00315457413249
117	T	24	0.0757097791798
118	A	1	0.00315457413249
118	T	2	0.00630914826498
119	A	1	0.00315457413249
119	G	39	0.123028391167
119	T	1	0.00315457413249
120	A	1	0.00315457413249
122	C	1	0.00315457413249
122	G	2	0.00630914826498
122	T	1	0.00315457413249
124	A	1	0.00315457413249
124	T	1	0.00315457413249
126	C	1	0.00315457413249
127	C	2	0.00630914826498
127	G	5	0.0157728706625
128	C	1	0.00315457413249
129	A	2	0.00630914826498
129	T	2	0.00630914826498
130	A	1	0.00315457413249
131	C	13	0.0410094637224
132	A	1	0.00315457413249
133	C	1	0.00315457413249
134	T	1	0.00315457413249
135	A	2	0.00630914826498
135	C	1	0.00315457413249
136	C	3	0.00946372239748
136	G	1	0.00315457413249
137	A	1	0.00315457413249
138	C	1	0.00315457413249
139	A	2	0.00630914826498
140	C	1	0.00315457413249
141	G	3	0.00946372239748
142	C	3	0.00946372239748
142	G	1	0.00315457413249
143	A	1	0.00315457413249
143	G	1	0.00315457413249
144	A	1	0.00315457413249
146	A	1	0.00315457413249
147	A	2	0.00630914826498
147	T	3	0.00946372239748
148	C	3	0.00946372239748
149	C	4	0.01261829653
149	T	4	0.01261829653
150	C	2	0.00630914826498
150	G	75	0.236593059937
150	T	1	0.00315457413249
151	C	2	0.00630914826498
152	A	1	0.00315457413249
152	G	1	0.00315457413249
152	T	2	0.00630914826498
153	C	1	0.00315457413249
153	G	5	0.0157728706625
154	C	3	0.00946372239748
154	G	12	0.0378548895899
154	T	1	0.00315457413249
155	C	1	0.00315457413249
156	A	1	0.00315457413249
157	C	2	0.00630914826498
157	G	1	0.00315457413249
158	A	1	0.00315457413249
158	C	3	0.00946372239748
159	C	268	0.845425867508
159	G	6	0.018927444795
160	C	2	0.00630914826498
160	T	3	0.00946372239748
161	A	1	0.00315457413249
161	C	1	0.00315457413249
161	G	1	0.00315457413249
162	T	2	0.00630914826498
163	A	5	0.0157728706625
163	T	1	0.00315457413249
164	C	3	0.00946372239748
165	C	3	0.00946372239748
165	G	1	0.00315457413249
166	A	18	0.0567823343849
166	C	60	0.18927444795
166	T	3	0.00946372239748
167	T	1	0.00315457413249
168	C	2	0.00630914826498
168	G	3	0.00946372239748
170	A	3	0.00946372239748
171	C	1	0.00315457413249
171	G	1	0.00315457413249
172	C	69	0.217665615142
172	G	117	0.369085173502
173	A	36	0.11356466877
173	T	1	0.00315457413249
174	G	1	0.00315457413249
175	C	2	0.00630914826498
175	G	1	0.00315457413249
176	T	34	0.107255520505
177	C	1	0.00315457413249
178	G	5	0.0157728706625
179	A	1	0.00315457413249
179	T	11	0.0347003154574
180	A	1	0.00315457413249
180	T	1	0.00315457413249
181	A	23	0.0725552050473
181	G	17	0.0536277602524
182	A	1	0.00315457413249
182	T	1	0.00315457413249
183	A	1	0.00315457413249
183	C	1	0.00315457413249
185	A	3	0.00946372239748
185	T	18	0.0567823343849
186	T	1	0.00315457413249
187	C	3	0.00946372239748
188	G	2	0.00630914826498
189	C	1	0.00315457413249
189	G	23	0.0725552050473
190	C	5	0.0157728706625
190	G	182	0.574132492114
191	A	2	0.00630914826498
191	T	2	0.00630914826498
192	C	4	0.01261829653
192	G	1	0.00315457413249
192	T	1	0.00315457413249
193	C	1	0.00315457413249
193	T	1	0.00315457413249
195	A	1	0.00315457413249
195	T	2	0.00630914826498
196	C	1	0.00315457413249
196	T	1	0.00315457413249
197	C	2	0.00630914826498
197	G	1	0.00315457413249
197	T	1	0.00315457413249
198	A	1	0.00315457413249
198	C	17	0.0536277602524
198	T	4	0.01261829653
199	C	1	0.00315457413249
199	G	2	0.00630914826498
200	A	2	0.00630914826498
200	C	1	0.00315457413249
200	T	2	0.00630914826498
201	C	1	0.00315457413249
201	T	19	0.0599369085174
202	A	1	0.00315457413249
202	T	1	0.00315457413249
203	T	1	0.00315457413249
204	C	24	0.0757097791798
204	G	2	0.00630914826498
205	A	2	0.00630914826498
205	C	1	0.00315457413249
206	C	4	0.01261829653
206	G	22	0.0694006309148
207	A	3	0.00946372239748
207	G	3	0.00946372239748
208	T	14	0.0441640378549
209	C	4	0.01261829653
209	G	1	0.00315457413249
210	A	215	0.678233438486
210	C	6	0.018927444795
210	T	2	0.00630914826498
212	C	2	0.00630914826498
212	G	22	0.0694006309148
212	T	43	0.135646687697
213	A	1	0.00315457413249
214	C	3	0.00946372239748
215	A	2	0.00630914826498
215	G	20	0.0630914826498
215	T	1	0.00315457413249
216	C	29	0.0914826498423
216	G	1	0.00315457413249
217	A	1	0.00315457413249
217	T	2	0.00630914826498
218	A	6	0.018927444795
218	T	2	0.00630914826498
219	C	1	0.00315457413249
220	T	7	0.0220820189274
221	G	46	0.145110410095
221	T	12	0.0378548895899
222	C	1	0.00315457413249
222	G	20	0.0630914826498
223	C	2	0.00630914826498
223	G	7	0.0220820189274
224	A	21	0.0662460567823
224	C	35	0.110410094637
224	T	1	0.00315457413249
225	C	224	0.706624605678
225	G	1	0.00315457413249
225	T	14	0.0441640378549
226	C	3	0.00946372239748
226	G	2	0.00630914826498
226	T	1	0.00315457413249
227	A	1	0.00315457413249
227	T	2	0.00630914826498
228	A	14	0.0441640378549
229	C	5	0.0157728706625
229	G	3	0.00946372239748
229	T	1	0.00315457413249
230	A	6	0.018927444795
230	C	4	0.01261829653
231	C	10	0.0315457413249
232	G	1	0.00315457413249
233	A	2	0.00630914826498
233	G	4	0.01261829653
234	C	1	0.00315457413249
234	G	1	0.00315457413249
235	A	1	0.00315457413249
236	A	1	0.00315457413249
236	T	3	0.00946372239748
237	A	1	0.00315457413249
237	G	23	0.0725552050473
237	T	3	0.00946372239748
239	T	4	0.01261829653
240	C	17	0.0536277602524
240	G	81	0.255520504732
240	T	1	0.00315457413249
241	G	271	0.854889589905
241	T	2	0.00630914826498
242	A	25	0.0788643533123
242	C	3	0.00946372239748
243	T	1	0.00315457413249
244	C	4	0.01261829653
244	G	2	0.00630914826498
245	A	2	0.00630914826498
245	T	2	0.00630914826498
246	C	6	0.018927444795
246	G	1	0.00315457413249
247	A	117	0.369085173502
247	C	33	0.104100946372
248	G	19	0.0599369085174
248	T	20	0.0630914826498
249	A	4	0.01261829653
249	C	1	0.00315457413249
249	G	41	0.129337539432
250	T	3	0.00946372239748
251	C	2	0.00630914826498
252	T	4	0.01261829653
253	C	1	0.00315457413249
253	G	3	0.00946372239748
254	T	2	0.00630914826498
256	T	1	0.00315457413249
257	C	1	0.00315457413249
258	A	1	0.00315457413249
258	T	5	0.0157728706625
259	A	1	0.00315457413249
261	A	1	0.00315457413249
261	T	2	0.00630914826498
263	A	17	0.0536277602524
263	T	1	0.00315457413249
265	C	3	0.00946372239748
265	G	1	0.00315457413249
266	A	1	0.00315457413249
267	C	3	0.00946372239748
267	T	3	0.00946372239748
269	T	2	0.00630914826498
270	T	1	0.00315457413249
271	G	1	0.00315457413249
272	A	1	0.00315457413249
272	G	1	0.00315457413249
273	A	23	0.0725552050473
273	T	2	0.00630914826498
274	C	4	0.01261829653
274	G	2	0.00630914826498
275	A	37	0.116719242902
275	C	83	0.261829652997
275	T	4	0.01261829653
276	C	4	0.01261829653
276	G	1	0.00315457413249
277	T	1	0.00315457413249
278	C	1	0.00315457413249
278	G	2	0.00630914826498
279	C	1	0.00315457413249
279	G	2	0.00630914826498
280	T	17	0.0536277602524
281	A	1	0.00315457413249
281	T	13	0.0410094637224
282	C	2	0.00630914826498
283	T	1	0.00315457413249
284	A	1	0.00315457413249
284	C	3	0.00946372239748
284	G	1	0.00315457413249
285	A	1	0.00315457413249
285	T	1	0.00315457413249
286	G	1	0.00315457413249
286	T	4	0.01261829653
287	A	3	0.00946372239748
