Position	Nucleotide	Multiplicity	Frequency
47	A	1	0.00215053763441
48	C	1	0.00215053763441
49	T	2	0.00430107526882
50	T	4	0.00860215053763
51	T	1	0.00215053763441
54	G	1	0.00215053763441
55	C	1	0.00215053763441
56	G	2	0.00430107526882
57	A	1	0.00215053763441
58	C	2	0.00430107526882
60	C	3	0.00645161290323
62	T	1	0.00215053763441
63	G	1	0.00215053763441
65	C	20	0.0430107526882
65	G	1	0.00215053763441
66	A	5	0.010752688172
67	A	5	0.010752688172
67	T	1	0.00215053763441
68	T	12	0.0258064516129
69	A	1	0.00215053763441
69	C	1	0.00215053763441
70	G	12	0.0258064516129
70	T	1	0.00215053763441
71	T	1	0.00215053763441
72	C	3	0.00645161290323
74	C	5	0.010752688172
74	G	1	0.00215053763441
75	A	1	0.00215053763441
75	C	1	0.00215053763441
76	A	1	0.00215053763441
77	G	1	0.00215053763441
77	T	1	0.00215053763441
78	C	1	0.00215053763441
79	C	2	0.00430107526882
80	T	34	0.0731182795699
81	C	1	0.00215053763441
82	G	35	0.0752688172043
82	T	2	0.00430107526882
83	T	49	0.105376344086
84	A	1	0.00215053763441
84	C	1	0.00215053763441
85	C	4	0.00860215053763
86	A	3	0.00645161290323
86	G	1	0.00215053763441
86	T	23	0.0494623655914
87	G	3	0.00645161290323
88	A	3	0.00645161290323
88	C	14	0.0301075268817
89	A	1	0.00215053763441
89	C	3	0.00645161290323
90	C	42	0.0903225806452
90	G	11	0.0236559139785
90	T	22	0.047311827957
91	A	74	0.159139784946
91	C	77	0.165591397849
91	T	101	0.217204301075
92	A	19	0.0408602150538
92	G	2	0.00430107526882
92	T	144	0.309677419355
93	A	2	0.00430107526882
93	C	1	0.00215053763441
94	C	1	0.00215053763441
94	G	1	0.00215053763441
95	C	61	0.131182795699
96	G	2	0.00430107526882
97	A	192	0.412903225806
97	C	49	0.105376344086
98	T	143	0.30752688172
99	C	24	0.0516129032258
99	G	2	0.00430107526882
99	T	19	0.0408602150538
100	C	4	0.00860215053763
101	A	35	0.0752688172043
101	C	15	0.0322580645161
102	C	1	0.00215053763441
102	G	1	0.00215053763441
103	C	1	0.00215053763441
103	G	26	0.0559139784946
104	T	46	0.0989247311828
105	C	2	0.00430107526882
106	A	1	0.00215053763441
107	C	1	0.00215053763441
108	A	20	0.0430107526882
108	T	1	0.00215053763441
109	A	1	0.00215053763441
109	C	3	0.00645161290323
110	A	1	0.00215053763441
111	T	1	0.00215053763441
112	T	1	0.00215053763441
113	T	1	0.00215053763441
114	T	1	0.00215053763441
115	C	1	0.00215053763441
115	G	45	0.0967741935484
117	A	15	0.0322580645161
117	C	23	0.0494623655914
118	T	1	0.00215053763441
119	C	4	0.00860215053763
120	A	1	0.00215053763441
122	C	1	0.00215053763441
122	G	60	0.129032258065
123	A	2	0.00430107526882
123	T	1	0.00215053763441
124	A	1	0.00215053763441
125	A	98	0.210752688172
125	C	2	0.00430107526882
126	C	3	0.00645161290323
126	G	2	0.00430107526882
127	C	2	0.00430107526882
127	G	14	0.0301075268817
129	A	13	0.0279569892473
129	C	2	0.00430107526882
130	A	1	0.00215053763441
130	T	1	0.00215053763441
131	A	1	0.00215053763441
132	G	1	0.00215053763441
133	C	2	0.00430107526882
134	A	2	0.00430107526882
134	T	1	0.00215053763441
135	A	2	0.00430107526882
135	C	22	0.047311827957
136	C	1	0.00215053763441
136	G	1	0.00215053763441
137	A	22	0.047311827957
137	C	12	0.0258064516129
137	T	2	0.00430107526882
138	C	3	0.00645161290323
139	A	1	0.00215053763441
140	A	2	0.00430107526882
141	A	2	0.00430107526882
141	T	2	0.00430107526882
142	C	7	0.0150537634409
143	G	34	0.0731182795699
143	T	2	0.00430107526882
144	C	2	0.00430107526882
144	G	65	0.139784946237
145	T	3	0.00645161290323
146	C	3	0.00645161290323
146	G	1	0.00215053763441
147	A	2	0.00430107526882
147	C	2	0.00430107526882
148	A	22	0.047311827957
148	T	28	0.0602150537634
149	A	21	0.0451612903226
149	G	34	0.0731182795699
149	T	31	0.0666666666667
150	C	16	0.0344086021505
150	G	19	0.0408602150538
150	T	1	0.00215053763441
151	A	2	0.00430107526882
151	C	1	0.00215053763441
151	G	1	0.00215053763441
152	C	2	0.00430107526882
152	G	1	0.00215053763441
153	C	1	0.00215053763441
154	A	66	0.141935483871
154	C	13	0.0279569892473
154	T	2	0.00430107526882
155	C	32	0.0688172043011
155	G	24	0.0516129032258
156	C	38	0.0817204301075
156	G	116	0.249462365591
156	T	16	0.0344086021505
157	A	27	0.058064516129
157	C	85	0.182795698925
157	T	1	0.00215053763441
158	A	48	0.103225806452
158	C	54	0.116129032258
158	G	38	0.0817204301075
159	C	41	0.0881720430108
159	G	53	0.113978494624
159	T	2	0.00430107526882
160	A	58	0.124731182796
160	C	118	0.25376344086
160	T	41	0.0881720430108
161	A	8	0.0172043010753
161	G	1	0.00215053763441
162	C	1	0.00215053763441
162	G	130	0.279569892473
163	A	1	0.00215053763441
163	C	1	0.00215053763441
164	A	1	0.00215053763441
164	C	33	0.0709677419355
165	C	11	0.0236559139785
165	G	85	0.182795698925
165	T	44	0.094623655914
166	A	161	0.34623655914
166	C	108	0.232258064516
167	A	24	0.0516129032258
167	C	30	0.0645161290323
168	A	33	0.0709677419355
168	C	1	0.00215053763441
168	G	67	0.144086021505
169	C	22	0.047311827957
169	G	2	0.00430107526882
169	T	34	0.0731182795699
170	A	2	0.00430107526882
170	T	6	0.0129032258065
171	C	1	0.00215053763441
171	G	4	0.00860215053763
172	A	41	0.0881720430108
172	C	5	0.010752688172
173	C	32	0.0688172043011
173	T	31	0.0666666666667
174	A	7	0.0150537634409
174	C	24	0.0516129032258
174	G	31	0.0666666666667
175	C	36	0.0774193548387
175	G	1	0.00215053763441
175	T	55	0.118279569892
176	A	2	0.00430107526882
176	T	134	0.288172043011
177	C	1	0.00215053763441
177	G	105	0.225806451613
178	T	45	0.0967741935484
179	T	27	0.058064516129
180	A	2	0.00430107526882
180	C	23	0.0494623655914
181	G	23	0.0494623655914
181	T	1	0.00215053763441
182	C	2	0.00430107526882
182	G	2	0.00430107526882
183	A	2	0.00430107526882
183	T	1	0.00215053763441
184	C	35	0.0752688172043
184	G	2	0.00430107526882
185	A	1	0.00215053763441
185	T	2	0.00430107526882
186	C	8	0.0172043010753
188	C	23	0.0494623655914
188	G	7	0.0150537634409
188	T	64	0.137634408602
189	A	56	0.120430107527
189	C	39	0.0838709677419
189	T	9	0.0193548387097
190	C	1	0.00215053763441
190	G	2	0.00430107526882
191	A	19	0.0408602150538
191	T	16	0.0344086021505
192	G	3	0.00645161290323
193	G	96	0.206451612903
193	T	20	0.0430107526882
194	T	2	0.00430107526882
195	A	2	0.00430107526882
195	T	2	0.00430107526882
196	A	3	0.00645161290323
196	C	1	0.00215053763441
198	A	1	0.00215053763441
198	T	1	0.00215053763441
199	A	2	0.00430107526882
200	C	14	0.0301075268817
200	G	1	0.00215053763441
201	A	12	0.0258064516129
201	C	1	0.00215053763441
201	G	1	0.00215053763441
202	C	2	0.00430107526882
203	A	3	0.00645161290323
203	T	1	0.00215053763441
204	C	3	0.00645161290323
204	G	25	0.0537634408602
204	T	23	0.0494623655914
205	A	1	0.00215053763441
205	T	6	0.0129032258065
206	A	1	0.00215053763441
206	T	1	0.00215053763441
207	C	1	0.00215053763441
207	G	38	0.0817204301075
207	T	1	0.00215053763441
208	A	1	0.00215053763441
208	C	24	0.0516129032258
209	G	21	0.0451612903226
209	T	24	0.0516129032258
210	C	2	0.00430107526882
210	G	19	0.0408602150538
211	A	1	0.00215053763441
211	T	2	0.00430107526882
212	A	3	0.00645161290323
213	C	20	0.0430107526882
213	G	2	0.00430107526882
214	A	3	0.00645161290323
214	T	2	0.00430107526882
215	C	4	0.00860215053763
215	G	4	0.00860215053763
215	T	1	0.00215053763441
217	C	1	0.00215053763441
217	G	3	0.00645161290323
218	A	1	0.00215053763441
218	T	25	0.0537634408602
219	C	2	0.00430107526882
219	G	26	0.0559139784946
220	C	3	0.00645161290323
220	G	15	0.0322580645161
220	T	1	0.00215053763441
221	A	1	0.00215053763441
221	G	1	0.00215053763441
221	T	34	0.0731182795699
222	A	1	0.00215053763441
222	C	1	0.00215053763441
222	T	5	0.010752688172
223	A	2	0.00430107526882
224	A	3	0.00645161290323
225	G	1	0.00215053763441
225	T	1	0.00215053763441
226	G	12	0.0258064516129
227	A	6	0.0129032258065
227	C	1	0.00215053763441
227	T	2	0.00430107526882
228	C	4	0.00860215053763
228	G	2	0.00430107526882
229	C	3	0.00645161290323
229	G	98	0.210752688172
230	A	1	0.00215053763441
230	G	1	0.00215053763441
230	T	24	0.0516129032258
231	A	1	0.00215053763441
231	C	2	0.00430107526882
231	G	1	0.00215053763441
232	A	4	0.00860215053763
232	T	3	0.00645161290323
233	C	44	0.094623655914
234	A	2	0.00430107526882
234	G	22	0.047311827957
234	T	20	0.0430107526882
235	A	1	0.00215053763441
235	C	3	0.00645161290323
236	A	45	0.0967741935484
236	C	3	0.00645161290323
236	T	16	0.0344086021505
237	A	1	0.00215053763441
237	C	12	0.0258064516129
237	G	23	0.0494623655914
238	C	3	0.00645161290323
238	G	1	0.00215053763441
238	T	98	0.210752688172
239	A	2	0.00430107526882
239	C	11	0.0236559139785
239	G	1	0.00215053763441
240	G	1	0.00215053763441
240	T	43	0.0924731182796
241	G	1	0.00215053763441
242	A	53	0.113978494624
242	C	1	0.00215053763441
242	T	1	0.00215053763441
243	A	4	0.00860215053763
243	G	24	0.0516129032258
243	T	1	0.00215053763441
244	C	1	0.00215053763441
244	T	23	0.0494623655914
245	C	52	0.111827956989
245	G	35	0.0752688172043
246	C	42	0.0903225806452
246	G	17	0.0365591397849
247	A	1	0.00215053763441
247	C	2	0.00430107526882
248	A	2	0.00430107526882
248	T	1	0.00215053763441
249	C	1	0.00215053763441
249	G	2	0.00430107526882
250	G	2	0.00430107526882
251	A	2	0.00430107526882
251	T	36	0.0774193548387
252	C	1	0.00215053763441
252	G	15	0.0322580645161
252	T	1	0.00215053763441
253	A	34	0.0731182795699
253	C	13	0.0279569892473
254	G	35	0.0752688172043
254	T	1	0.00215053763441
255	A	13	0.0279569892473
255	T	35	0.0752688172043
256	G	4	0.00860215053763
258	C	1	0.00215053763441
258	G	7	0.0150537634409
259	A	2	0.00430107526882
259	C	4	0.00860215053763
259	T	3	0.00645161290323
260	G	3	0.00645161290323
261	C	1	0.00215053763441
261	T	2	0.00430107526882
262	A	48	0.103225806452
262	G	34	0.0731182795699
262	T	78	0.167741935484
263	A	1	0.00215053763441
263	T	1	0.00215053763441
264	A	2	0.00430107526882
265	G	2	0.00430107526882
266	A	18	0.0387096774194
266	C	21	0.0451612903226
266	T	1	0.00215053763441
267	T	1	0.00215053763441
268	C	1	0.00215053763441
268	G	1	0.00215053763441
269	A	7	0.0150537634409
270	C	2	0.00430107526882
270	G	2	0.00430107526882
271	A	3	0.00645161290323
271	T	1	0.00215053763441
273	A	2	0.00430107526882
273	T	1	0.00215053763441
274	A	1	0.00215053763441
274	G	1	0.00215053763441
274	T	3	0.00645161290323
275	A	3	0.00645161290323
275	G	2	0.00430107526882
276	C	24	0.0516129032258
276	T	1	0.00215053763441
277	A	2	0.00430107526882
277	C	1	0.00215053763441
277	G	1	0.00215053763441
278	A	47	0.101075268817
278	C	24	0.0516129032258
278	T	73	0.156989247312
279	C	2	0.00430107526882
280	C	1	0.00215053763441
280	T	4	0.00860215053763
281	C	1	0.00215053763441
281	G	4	0.00860215053763
282	A	1	0.00215053763441
282	C	2	0.00430107526882
283	C	1	0.00215053763441
283	G	1	0.00215053763441
283	T	22	0.047311827957
284	A	5	0.010752688172
284	G	1	0.00215053763441
284	T	89	0.191397849462
285	A	2	0.00430107526882
285	C	2	0.00430107526882
285	G	1	0.00215053763441
286	A	1	0.00215053763441
287	A	1	0.00215053763441
287	C	34	0.0731182795699
287	G	2	0.00430107526882
288	A	5	0.010752688172
289	A	1	0.00215053763441
289	T	42	0.0903225806452
