Position	Nucleotide	Multiplicity	Frequency
68	G	21	0.954545454545
70	T	21	0.954545454545
78	C	1	0.0454545454545
88	A	6	0.272727272727
89	A	1	0.0454545454545
90	G	1	0.0454545454545
91	A	1	0.0454545454545
92	T	12	0.545454545455
94	T	8	0.363636363636
95	C	12	0.545454545455
97	G	2	0.0909090909091
108	A	1	0.0454545454545
116	A	1	0.0454545454545
119	C	1	0.0454545454545
125	T	12	0.545454545455
135	C	12	0.545454545455
138	C	1	0.0454545454545
139	T	8	0.363636363636
140	C	1	0.0454545454545
144	G	2	0.0909090909091
145	T	1	0.0454545454545
148	T	1	0.0454545454545
152	A	1	0.0454545454545
152	C	5	0.227272727273
153	T	9	0.409090909091
154	A	9	0.409090909091
156	G	2	0.0909090909091
156	T	1	0.0454545454545
157	A	7	0.318181818182
160	G	1	0.0454545454545
161	C	14	0.636363636364
164	C	2	0.0909090909091
165	A	2	0.0909090909091
166	T	12	0.545454545455
167	C	2	0.0909090909091
169	C	22	1.0
173	G	2	0.0909090909091
174	A	9	0.409090909091
174	G	12	0.545454545455
175	C	1	0.0454545454545
175	T	1	0.0454545454545
182	G	9	0.409090909091
192	G	14	0.636363636364
193	G	2	0.0909090909091
210	C	1	0.0454545454545
215	G	2	0.0909090909091
221	C	9	0.409090909091
229	C	2	0.0909090909091
233	A	3	0.136363636364
236	A	2	0.0909090909091
237	G	1	0.0454545454545
239	G	2	0.0909090909091
240	C	22	1.0
250	A	1	0.0454545454545
251	G	6	0.272727272727
254	G	1	0.0454545454545
261	C	21	0.954545454545
265	C	1	0.0454545454545
265	G	1	0.0454545454545
266	A	1	0.0454545454545
272	T	1	0.0454545454545
275	C	1	0.0454545454545
278	A	4	0.181818181818
278	C	5	0.227272727273
281	C	19	0.863636363636
289	C	1	0.0454545454545
