Position	Nucleotide	Multiplicity	Frequency
45	G	94	0.752
47	G	1	0.008
48	C	1	0.008
49	T	1	0.008
54	C	1	0.008
57	A	1	0.008
58	C	1	0.008
60	G	1	0.008
64	T	1	0.008
65	A	1	0.008
66	T	1	0.008
68	C	7	0.056
70	C	1	0.008
72	C	3	0.024
74	C	1	0.008
75	A	1	0.008
77	C	1	0.008
79	A	44	0.352
79	C	1	0.008
79	T	1	0.008
81	C	1	0.008
81	G	1	0.008
84	G	7	0.056
84	T	5	0.04
87	C	1	0.008
87	G	7	0.056
88	A	2	0.016
88	C	14	0.112
90	G	2	0.016
91	A	18	0.144
91	C	9	0.072
92	C	1	0.008
93	A	23	0.184
94	A	30	0.24
94	C	30	0.24
95	A	20	0.16
96	A	1	0.008
96	C	13	0.104
97	C	4	0.032
97	G	1	0.008
98	A	11	0.088
98	G	4	0.032
100	C	6	0.048
100	G	1	0.008
102	C	7	0.056
103	C	13	0.104
103	T	11	0.088
104	G	4	0.032
104	T	17	0.136
105	C	1	0.008
107	A	1	0.008
107	C	1	0.008
108	G	2	0.016
109	C	30	0.24
111	C	1	0.008
114	C	1	0.008
114	G	5	0.04
117	A	1	0.008
117	T	1	0.008
119	G	3	0.024
119	T	7	0.056
123	A	20	0.16
125	T	1	0.008
126	T	1	0.008
127	T	1	0.008
128	C	1	0.008
128	G	2	0.016
128	T	11	0.088
131	C	6	0.048
132	C	5	0.04
133	C	9	0.072
133	G	2	0.016
133	T	1	0.008
134	T	1	0.008
135	A	3	0.024
138	T	1	0.008
139	C	1	0.008
140	A	20	0.16
141	A	1	0.008
141	C	2	0.016
142	C	1	0.008
143	A	1	0.008
143	C	16	0.128
143	T	1	0.008
145	A	6	0.048
146	T	6	0.048
147	G	20	0.16
152	A	8	0.064
152	C	12	0.096
153	A	17	0.136
153	C	5	0.04
153	G	20	0.16
154	T	20	0.16
156	C	2	0.016
156	G	2	0.016
156	T	1	0.008
158	A	1	0.008
159	G	20	0.16
160	C	20	0.16
160	T	13	0.104
161	C	19	0.152
162	A	3	0.024
162	C	2	0.016
163	C	16	0.128
163	G	3	0.024
163	T	3	0.024
164	T	6	0.048
165	C	3	0.024
166	C	21	0.168
168	C	4	0.032
168	T	1	0.008
169	A	2	0.016
169	T	20	0.16
170	A	15	0.12
170	C	5	0.04
171	G	6	0.048
172	A	33	0.264
172	C	4	0.032
173	G	20	0.16
173	T	4	0.032
174	G	1	0.008
175	G	3	0.024
176	G	2	0.016
176	T	1	0.008
177	C	1	0.008
178	C	1	0.008
179	G	4	0.032
179	T	4	0.032
180	C	20	0.16
181	C	4	0.032
181	T	23	0.184
183	C	1	0.008
183	G	1	0.008
184	C	3	0.024
185	G	4	0.032
186	G	20	0.16
186	T	1	0.008
188	A	1	0.008
189	C	1	0.008
194	G	3	0.024
194	T	1	0.008
195	G	1	0.008
196	G	3	0.024
198	C	1	0.008
198	G	1	0.008
200	A	1	0.008
201	T	1	0.008
202	A	2	0.016
202	C	13	0.104
203	C	1	0.008
204	A	25	0.2
204	C	12	0.096
204	T	3	0.024
205	G	1	0.008
206	A	10	0.08
206	G	1	0.008
207	G	17	0.136
207	T	4	0.032
208	A	4	0.032
208	G	1	0.008
208	T	26	0.208
209	A	2	0.016
209	G	3	0.024
210	T	2	0.016
211	C	1	0.008
212	C	12	0.096
212	G	6	0.048
212	T	5	0.04
213	G	12	0.096
214	A	1	0.008
214	T	1	0.008
215	C	2	0.016
215	T	30	0.24
216	A	25	0.2
216	C	17	0.136
216	T	5	0.04
217	G	25	0.2
218	C	2	0.016
218	G	9	0.072
218	T	20	0.16
219	A	1	0.008
220	G	1	0.008
221	A	26	0.208
222	G	21	0.168
223	A	1	0.008
223	G	19	0.152
225	C	25	0.2
227	A	1	0.008
227	T	6	0.048
228	G	1	0.008
229	G	4	0.032
230	T	20	0.16
231	C	1	0.008
232	C	2	0.016
232	G	1	0.008
232	T	20	0.16
233	T	2	0.016
236	C	3	0.024
237	C	1	0.008
238	C	1	0.008
240	C	1	0.008
244	A	1	0.008
244	C	5	0.04
244	G	1	0.008
245	C	11	0.088
246	C	12	0.096
246	G	1	0.008
247	G	10	0.08
248	T	12	0.096
249	A	3	0.024
249	G	27	0.216
252	G	2	0.016
253	A	19	0.152
253	C	25	0.2
255	G	2	0.016
259	C	4	0.032
261	C	1	0.008
263	C	3	0.024
265	T	3	0.024
266	C	2	0.016
268	G	6	0.048
269	G	2	0.016
271	G	3	0.024
273	T	1	0.008
274	T	6	0.048
280	G	1	0.008
281	A	17	0.136
281	C	9	0.072
281	T	1	0.008
284	G	1	0.008
285	C	1	0.008
285	G	20	0.16
286	T	8	0.064
287	A	18	0.144
287	G	2	0.016
287	T	5	0.04
288	A	20	0.16
291	A	19	0.152
291	C	1	0.008
291	T	1	0.008
292	G	20	0.16
292	T	21	0.168
293	A	20	0.16
