Position	Nucleotide	Multiplicity	Frequency
45	G	49	0.0549943883277
48	C	1	0.00112233445567
49	T	1	0.00112233445567
50	T	1	0.00112233445567
51	A	1	0.00112233445567
51	T	1	0.00112233445567
53	A	3	0.003367003367
53	T	1	0.00112233445567
54	G	1	0.00112233445567
54	T	2	0.00224466891134
56	C	1	0.00112233445567
57	A	2	0.00224466891134
57	T	4	0.00448933782267
58	C	3	0.003367003367
60	C	3	0.003367003367
61	T	1	0.00112233445567
62	A	1	0.00112233445567
62	T	1	0.00112233445567
64	A	3	0.003367003367
65	C	9	0.010101010101
66	A	3	0.003367003367
66	C	1	0.00112233445567
67	A	6	0.00673400673401
67	G	18	0.020202020202
67	T	57	0.0639730639731
68	C	20	0.0224466891134
68	G	55	0.0617283950617
68	T	1	0.00112233445567
69	A	44	0.0493827160494
69	C	2	0.00224466891134
70	G	36	0.040404040404
70	T	28	0.0314253647587
71	A	3	0.003367003367
71	C	35	0.0392817059484
71	T	7	0.00785634118967
72	A	1	0.00112233445567
72	C	8	0.00897867564534
72	G	3	0.003367003367
73	T	2	0.00224466891134
74	A	50	0.0561167227834
74	C	10	0.0112233445567
74	G	17	0.0190796857464
75	A	4	0.00448933782267
75	C	1	0.00112233445567
76	A	8	0.00897867564534
76	C	33	0.037037037037
77	G	25	0.0280583613917
77	T	1	0.00112233445567
78	A	1	0.00112233445567
78	C	54	0.0606060606061
79	A	1	0.00112233445567
79	C	10	0.0112233445567
80	A	21	0.023569023569
80	T	5	0.00561167227834
81	C	97	0.1088664422
81	G	5	0.00561167227834
81	T	1	0.00112233445567
82	A	61	0.0684624017957
82	G	60	0.0673400673401
82	T	39	0.043771043771
83	A	16	0.0179573512907
83	G	49	0.0549943883277
83	T	27	0.030303030303
84	C	14	0.0157126823793
85	C	2	0.00224466891134
86	A	3	0.003367003367
86	T	41	0.0460157126824
87	C	2	0.00224466891134
87	G	210	0.23569023569
87	T	2	0.00224466891134
88	A	118	0.132435465769
88	C	38	0.0426487093154
89	A	45	0.0505050505051
89	C	119	0.133557800224
89	G	82	0.0920314253648
90	C	33	0.037037037037
90	G	115	0.129068462402
90	T	37	0.0415263748597
91	A	318	0.356902356902
91	C	202	0.226711560045
91	T	33	0.037037037037
92	A	17	0.0190796857464
92	G	14	0.0157126823793
92	T	131	0.147025813692
93	A	6	0.00673400673401
93	C	191	0.214365881033
94	C	27	0.030303030303
94	T	43	0.0482603815937
95	C	47	0.0527497194164
95	G	1	0.00112233445567
96	A	34	0.0381593714927
96	C	89	0.0998877665544
96	T	15	0.016835016835
97	A	22	0.0246913580247
97	C	204	0.228956228956
97	G	61	0.0684624017957
97	T	33	0.037037037037
98	A	39	0.043771043771
98	C	86	0.0965207631874
98	G	6	0.00673400673401
98	T	22	0.0246913580247
99	C	44	0.0493827160494
99	G	34	0.0381593714927
99	T	85	0.0953984287318
100	A	1	0.00112233445567
101	A	193	0.216610549944
101	C	57	0.0639730639731
101	T	1	0.00112233445567
102	A	27	0.030303030303
102	T	45	0.0505050505051
103	C	1	0.00112233445567
103	G	5	0.00561167227834
104	A	12	0.013468013468
104	T	1	0.00112233445567
105	A	1	0.00112233445567
105	C	8	0.00897867564534
106	A	1	0.00112233445567
106	T	1	0.00112233445567
107	A	2	0.00224466891134
107	C	1	0.00112233445567
108	A	1	0.00112233445567
108	C	2	0.00224466891134
108	T	1	0.00112233445567
109	C	5	0.00561167227834
110	G	6	0.00673400673401
110	T	3	0.003367003367
111	A	1	0.00112233445567
111	T	5	0.00561167227834
112	A	7	0.00785634118967
112	C	1	0.00112233445567
112	T	1	0.00112233445567
113	G	15	0.016835016835
113	T	4	0.00448933782267
115	C	1	0.00112233445567
115	G	12	0.013468013468
116	A	1	0.00112233445567
116	C	1	0.00112233445567
117	A	3	0.003367003367
117	C	3	0.003367003367
117	T	18	0.020202020202
118	G	20	0.0224466891134
118	T	1	0.00112233445567
119	A	21	0.023569023569
119	C	20	0.0224466891134
119	G	9	0.010101010101
120	A	1	0.00112233445567
120	T	1	0.00112233445567
121	A	4	0.00448933782267
122	C	2	0.00224466891134
122	G	11	0.0123456790123
123	A	3	0.003367003367
123	C	1	0.00112233445567
124	A	62	0.0695847362514
125	A	1	0.00112233445567
125	G	30	0.03367003367
125	T	1	0.00112233445567
126	C	1	0.00112233445567
126	G	1	0.00112233445567
127	C	6	0.00673400673401
127	G	83	0.0931537598204
128	A	2	0.00224466891134
129	C	8	0.00897867564534
130	A	2	0.00224466891134
130	T	1	0.00112233445567
131	A	61	0.0684624017957
132	A	1	0.00112233445567
132	T	23	0.0258136924804
133	C	2	0.00224466891134
134	A	9	0.010101010101
134	G	85	0.0953984287318
135	A	3	0.003367003367
135	C	13	0.0145903479237
136	C	13	0.0145903479237
136	G	9	0.010101010101
137	A	34	0.0381593714927
137	C	2	0.00224466891134
137	T	10	0.0112233445567
138	A	1	0.00112233445567
138	C	5	0.00561167227834
138	G	1	0.00112233445567
139	A	2	0.00224466891134
139	C	1	0.00112233445567
140	A	3	0.003367003367
140	T	2	0.00224466891134
141	A	2	0.00224466891134
141	C	15	0.016835016835
141	T	2	0.00224466891134
142	A	2	0.00224466891134
142	C	6	0.00673400673401
143	A	2	0.00224466891134
143	C	38	0.0426487093154
143	T	25	0.0280583613917
144	A	49	0.0549943883277
144	C	3	0.003367003367
144	T	3	0.003367003367
145	A	1	0.00112233445567
145	G	24	0.026936026936
145	T	1	0.00112233445567
146	C	39	0.043771043771
146	G	47	0.0527497194164
146	T	64	0.0718294051627
147	A	30	0.03367003367
147	C	138	0.154882154882
147	G	4	0.00448933782267
147	T	22	0.0246913580247
148	A	4	0.00448933782267
148	C	83	0.0931537598204
148	G	78	0.0875420875421
149	A	27	0.030303030303
149	C	18	0.020202020202
149	G	10	0.0112233445567
150	C	19	0.0213243546577
150	G	132	0.148148148148
150	T	11	0.0123456790123
151	C	70	0.0785634118967
151	G	2	0.00224466891134
152	C	79	0.0886644219978
152	G	110	0.123456790123
152	T	122	0.136924803591
153	A	3	0.003367003367
153	C	4	0.00448933782267
153	G	10	0.0112233445567
153	T	31	0.0347923681257
154	A	45	0.0505050505051
154	C	22	0.0246913580247
154	G	11	0.0123456790123
154	T	19	0.0213243546577
155	A	11	0.0123456790123
155	C	47	0.0527497194164
155	G	36	0.040404040404
155	T	79	0.0886644219978
156	A	38	0.0426487093154
156	C	73	0.0819304152637
156	G	23	0.0258136924804
157	C	86	0.0965207631874
157	G	6	0.00673400673401
157	T	69	0.0774410774411
158	A	1	0.00112233445567
158	C	42	0.047138047138
158	G	13	0.0145903479237
159	A	39	0.043771043771
159	C	13	0.0145903479237
159	T	15	0.016835016835
160	C	2	0.00224466891134
160	G	13	0.0145903479237
160	T	11	0.0123456790123
161	A	24	0.026936026936
161	C	21	0.023569023569
161	G	1	0.00112233445567
162	A	5	0.00561167227834
162	T	3	0.003367003367
163	C	37	0.0415263748597
163	T	26	0.0291806958474
164	C	6	0.00673400673401
164	G	71	0.0796857463524
164	T	3	0.003367003367
165	C	12	0.013468013468
165	G	125	0.140291806958
165	T	61	0.0684624017957
166	A	197	0.221099887767
166	C	80	0.0897867564534
166	T	99	0.111111111111
167	A	11	0.0123456790123
167	C	239	0.268237934905
167	G	191	0.214365881033
168	C	66	0.0740740740741
168	G	204	0.228956228956
168	T	61	0.0684624017957
169	C	6	0.00673400673401
169	G	129	0.144781144781
169	T	50	0.0561167227834
170	A	103	0.115600448934
170	C	35	0.0392817059484
170	G	62	0.0695847362514
171	C	90	0.10101010101
171	G	140	0.157126823793
171	T	18	0.020202020202
172	C	60	0.0673400673401
172	G	24	0.026936026936
173	C	28	0.0314253647587
173	G	137	0.153759820426
173	T	7	0.00785634118967
174	A	60	0.0673400673401
174	C	36	0.040404040404
174	G	40	0.0448933782267
175	C	27	0.030303030303
175	G	1	0.00112233445567
175	T	131	0.147025813692
176	G	8	0.00897867564534
176	T	145	0.162738496072
177	A	27	0.030303030303
177	C	37	0.0415263748597
178	C	7	0.00785634118967
178	G	2	0.00224466891134
178	T	28	0.0314253647587
179	C	19	0.0213243546577
179	T	47	0.0527497194164
180	A	28	0.0314253647587
180	C	7	0.00785634118967
181	G	94	0.105499438833
181	T	16	0.0179573512907
182	C	32	0.0359147025814
182	G	37	0.0415263748597
182	T	18	0.020202020202
183	A	1	0.00112233445567
183	C	1	0.00112233445567
183	T	12	0.013468013468
184	C	5	0.00561167227834
184	G	4	0.00448933782267
184	T	1	0.00112233445567
185	G	30	0.03367003367
185	T	20	0.0224466891134
186	A	2	0.00224466891134
186	C	14	0.0157126823793
186	G	6	0.00673400673401
187	A	2	0.00224466891134
187	T	22	0.0246913580247
188	A	7	0.00785634118967
188	T	4	0.00448933782267
189	A	1	0.00112233445567
189	C	38	0.0426487093154
189	T	8	0.00897867564534
190	C	30	0.03367003367
191	A	39	0.043771043771
191	T	3	0.003367003367
192	C	9	0.010101010101
192	G	26	0.0291806958474
192	T	1	0.00112233445567
193	C	69	0.0774410774411
193	G	129	0.144781144781
193	T	3	0.003367003367
194	A	2	0.00224466891134
194	C	1	0.00112233445567
195	A	1	0.00112233445567
196	A	9	0.010101010101
196	C	2	0.00224466891134
196	T	2	0.00224466891134
197	G	2	0.00224466891134
197	T	1	0.00112233445567
198	A	1	0.00112233445567
198	T	2	0.00224466891134
199	A	4	0.00448933782267
200	C	41	0.0460157126824
200	G	42	0.047138047138
201	A	1	0.00112233445567
201	C	13	0.0145903479237
201	G	23	0.0258136924804
202	C	4	0.00448933782267
202	G	1	0.00112233445567
203	A	6	0.00673400673401
203	G	1	0.00112233445567
203	T	2	0.00224466891134
204	C	7	0.00785634118967
204	G	2	0.00224466891134
204	T	2	0.00224466891134
205	A	2	0.00224466891134
205	G	24	0.026936026936
205	T	5	0.00561167227834
206	A	3	0.003367003367
206	T	1	0.00112233445567
207	C	2	0.00224466891134
207	G	34	0.0381593714927
208	C	4	0.00448933782267
209	A	23	0.0258136924804
209	G	1	0.00112233445567
209	T	38	0.0426487093154
210	A	7	0.00785634118967
210	C	4	0.00448933782267
210	G	5	0.00561167227834
211	A	1	0.00112233445567
211	T	2	0.00224466891134
212	A	2	0.00224466891134
212	T	31	0.0347923681257
213	C	37	0.0415263748597
213	G	3	0.003367003367
213	T	1	0.00112233445567
214	A	16	0.0179573512907
214	T	3	0.003367003367
215	C	3	0.003367003367
215	G	18	0.020202020202
216	A	8	0.00897867564534
216	T	3	0.003367003367
217	C	4	0.00448933782267
217	G	4	0.00448933782267
218	A	1	0.00112233445567
218	T	26	0.0291806958474
219	C	1	0.00112233445567
219	G	45	0.0505050505051
220	C	66	0.0740740740741
220	G	35	0.0392817059484
220	T	35	0.0392817059484
221	A	1	0.00112233445567
221	C	84	0.0942760942761
222	C	3	0.003367003367
222	G	4	0.00448933782267
223	A	23	0.0258136924804
223	G	2	0.00224466891134
223	T	6	0.00673400673401
224	A	2	0.00224466891134
224	G	29	0.0325476992144
224	T	1	0.00112233445567
225	G	31	0.0347923681257
225	T	1	0.00112233445567
226	C	6	0.00673400673401
226	G	42	0.047138047138
226	T	15	0.016835016835
227	A	9	0.010101010101
227	C	2	0.00224466891134
227	T	1	0.00112233445567
228	C	4	0.00448933782267
228	G	94	0.105499438833
228	T	10	0.0112233445567
229	C	5	0.00561167227834
229	G	41	0.0460157126824
229	T	1	0.00112233445567
230	A	28	0.0314253647587
230	G	18	0.020202020202
230	T	86	0.0965207631874
231	C	8	0.00897867564534
231	G	28	0.0314253647587
231	T	9	0.010101010101
232	A	10	0.0112233445567
232	T	31	0.0347923681257
233	A	173	0.194163860831
233	C	30	0.03367003367
233	T	80	0.0897867564534
234	A	1	0.00112233445567
234	G	96	0.107744107744
234	T	73	0.0819304152637
235	C	1	0.00112233445567
235	G	5	0.00561167227834
236	A	139	0.156004489338
236	C	130	0.145903479237
236	T	24	0.026936026936
237	C	37	0.0415263748597
237	G	3	0.003367003367
238	C	63	0.0707070707071
238	G	3	0.003367003367
238	T	146	0.163860830527
239	A	1	0.00112233445567
239	C	24	0.026936026936
239	G	2	0.00224466891134
240	A	2	0.00224466891134
240	G	20	0.0224466891134
240	T	141	0.158249158249
241	C	2	0.00224466891134
241	G	5	0.00561167227834
242	A	27	0.030303030303
242	C	38	0.0426487093154
242	T	17	0.0190796857464
243	A	2	0.00224466891134
243	G	75	0.0841750841751
244	G	32	0.0359147025814
245	C	1	0.00112233445567
245	G	64	0.0718294051627
245	T	1	0.00112233445567
246	C	2	0.00224466891134
246	G	15	0.016835016835
246	T	21	0.023569023569
247	C	2	0.00224466891134
247	G	4	0.00448933782267
248	A	20	0.0224466891134
248	C	4	0.00448933782267
248	T	1	0.00112233445567
249	C	12	0.013468013468
249	G	4	0.00448933782267
249	T	2	0.00224466891134
250	C	35	0.0392817059484
250	G	76	0.0852974186308
250	T	2	0.00224466891134
251	A	4	0.00448933782267
251	T	81	0.0909090909091
252	C	3	0.003367003367
252	G	25	0.0280583613917
253	A	19	0.0213243546577
253	C	13	0.0145903479237
253	T	2	0.00224466891134
254	A	9	0.010101010101
254	T	60	0.0673400673401
255	A	13	0.0145903479237
255	G	13	0.0145903479237
255	T	32	0.0359147025814
256	A	1	0.00112233445567
256	C	3	0.003367003367
257	A	3	0.003367003367
257	C	21	0.023569023569
257	T	17	0.0190796857464
258	C	6	0.00673400673401
258	G	29	0.0325476992144
259	A	2	0.00224466891134
259	C	19	0.0213243546577
259	T	5	0.00561167227834
260	C	1	0.00112233445567
260	G	6	0.00673400673401
261	A	106	0.118967452301
261	C	365	0.409652076319
261	T	16	0.0179573512907
262	A	3	0.003367003367
262	G	82	0.0920314253648
262	T	117	0.131313131313
263	A	2	0.00224466891134
263	C	53	0.0594837261504
263	G	29	0.0325476992144
264	A	5	0.00561167227834
264	T	4	0.00448933782267
265	C	1	0.00112233445567
265	G	46	0.0516273849607
266	A	125	0.140291806958
266	C	116	0.130190796857
266	T	5	0.00561167227834
267	A	2	0.00224466891134
267	T	2	0.00224466891134
268	C	3	0.003367003367
268	G	5	0.00561167227834
268	T	1	0.00112233445567
269	A	11	0.0123456790123
269	G	1	0.00112233445567
269	T	12	0.013468013468
270	C	1	0.00112233445567
270	G	53	0.0594837261504
271	A	3	0.003367003367
272	A	5	0.00561167227834
272	C	2	0.00224466891134
272	T	1	0.00112233445567
273	A	2	0.00224466891134
273	T	11	0.0123456790123
274	A	4	0.00448933782267
274	G	34	0.0381593714927
275	A	26	0.0291806958474
275	C	2	0.00224466891134
275	G	4	0.00448933782267
276	A	95	0.106621773288
276	C	126	0.141414141414
276	T	4	0.00448933782267
277	A	21	0.023569023569
277	C	36	0.040404040404
277	G	1	0.00112233445567
278	A	204	0.228956228956
278	C	175	0.196408529742
278	T	69	0.0774410774411
279	A	1	0.00112233445567
279	C	1	0.00112233445567
279	G	2	0.00224466891134
280	C	1	0.00112233445567
280	G	2	0.00224466891134
280	T	33	0.037037037037
281	A	3	0.003367003367
281	C	56	0.0628507295174
281	G	2	0.00224466891134
282	C	1	0.00112233445567
282	G	6	0.00673400673401
283	C	4	0.00448933782267
283	G	1	0.00112233445567
283	T	121	0.135802469136
284	A	2	0.00224466891134
284	T	230	0.258136924804
285	C	3	0.003367003367
286	A	1	0.00112233445567
286	C	1	0.00112233445567
286	T	2	0.00224466891134
287	A	1	0.00112233445567
287	C	39	0.043771043771
287	G	2	0.00224466891134
288	A	10	0.0112233445567
288	T	2	0.00224466891134
289	A	3	0.003367003367
289	G	3	0.003367003367
289	T	40	0.0448933782267
290	A	13	0.0145903479237
290	T	2	0.00224466891134
