Position	Nucleotide	Multiplicity	Frequency
13	G	1	0.037037037037
25	T	1	0.037037037037
27	A	27	1.0
42	C	1	0.037037037037
55	A	19	0.703703703704
69	C	21	0.777777777778
77	C	15	0.555555555556
78	C	25	0.925925925926
80	G	6	0.222222222222
84	G	4	0.148148148148
86	A	15	0.555555555556
86	G	6	0.222222222222
88	C	21	0.777777777778
89	G	6	0.222222222222
89	T	4	0.148148148148
90	T	25	0.925925925926
91	T	1	0.037037037037
92	A	4	0.148148148148
93	C	6	0.222222222222
94	C	6	0.222222222222
94	T	19	0.703703703704
108	G	1	0.037037037037
110	T	21	0.777777777778
113	A	1	0.037037037037
114	G	4	0.148148148148
119	A	6	0.222222222222
131	C	6	0.222222222222
146	T	1	0.037037037037
147	T	1	0.037037037037
154	T	1	0.037037037037
184	A	18	0.666666666667
184	C	1	0.037037037037
185	T	21	0.777777777778
186	C	19	0.703703703704
188	T	1	0.037037037037
191	C	1	0.037037037037
195	G	24	0.888888888889
195	T	1	0.037037037037
196	C	1	0.037037037037
198	G	25	0.925925925926
203	A	4	0.148148148148
206	T	1	0.037037037037
207	C	1	0.037037037037
222	C	1	0.037037037037
224	G	2	0.0740740740741
224	T	6	0.222222222222
225	G	19	0.703703703704
228	C	1	0.037037037037
231	C	1	0.037037037037
232	C	1	0.037037037037
239	A	6	0.222222222222
239	T	1	0.037037037037
241	G	1	0.037037037037
247	A	1	0.037037037037
247	G	4	0.148148148148
248	G	21	0.777777777778
255	G	25	0.925925925926
258	T	1	0.037037037037
262	G	21	0.777777777778
264	T	4	0.148148148148
266	C	15	0.555555555556
270	A	1	0.037037037037
275	G	15	0.555555555556
277	G	10	0.37037037037
278	A	2	0.0740740740741
281	C	19	0.703703703704
286	T	15	0.555555555556
293	G	6	0.222222222222
294	G	6	0.222222222222
295	A	6	0.222222222222
