Position	Nucleotide	Multiplicity	Frequency
49	T	1	0.0192307692308
58	C	1	0.0192307692308
65	C	2	0.0384615384615
66	A	1	0.0192307692308
67	A	16	0.307692307692
67	T	11	0.211538461538
69	A	8	0.153846153846
74	C	6	0.115384615385
76	A	11	0.211538461538
77	T	1	0.0192307692308
78	C	11	0.211538461538
79	C	2	0.0384615384615
81	G	2	0.0384615384615
82	T	16	0.307692307692
83	G	8	0.153846153846
83	T	6	0.115384615385
84	C	16	0.307692307692
86	C	1	0.0192307692308
88	C	11	0.211538461538
89	C	1	0.0192307692308
93	C	6	0.115384615385
97	A	10	0.192307692308
97	C	11	0.211538461538
99	G	1	0.0192307692308
102	G	8	0.153846153846
103	C	6	0.115384615385
104	T	11	0.211538461538
107	C	11	0.211538461538
109	C	8	0.153846153846
110	T	1	0.0192307692308
113	G	16	0.307692307692
113	T	6	0.115384615385
116	G	1	0.0192307692308
118	T	8	0.153846153846
119	C	8	0.153846153846
126	C	2	0.0384615384615
126	G	11	0.211538461538
131	A	8	0.153846153846
134	A	6	0.115384615385
142	C	1	0.0192307692308
143	A	1	0.0192307692308
145	G	16	0.307692307692
146	C	1	0.0192307692308
149	C	33	0.634615384615
150	C	1	0.0192307692308
150	T	1	0.0192307692308
151	G	16	0.307692307692
153	G	11	0.211538461538
154	G	1	0.0192307692308
155	C	16	0.307692307692
156	G	11	0.211538461538
159	C	8	0.153846153846
160	G	1	0.0192307692308
160	T	1	0.0192307692308
163	A	8	0.153846153846
165	T	1	0.0192307692308
166	A	14	0.269230769231
167	G	1	0.0192307692308
168	T	17	0.326923076923
169	A	6	0.115384615385
169	C	16	0.307692307692
169	T	8	0.153846153846
170	T	16	0.307692307692
172	G	11	0.211538461538
173	G	1	0.0192307692308
174	A	12	0.230769230769
174	T	7	0.134615384615
175	A	8	0.153846153846
175	C	11	0.211538461538
191	T	1	0.0192307692308
192	G	7	0.134615384615
193	G	28	0.538461538462
199	A	1	0.0192307692308
200	G	6	0.115384615385
201	C	1	0.0192307692308
202	C	1	0.0192307692308
204	G	1	0.0192307692308
205	G	1	0.0192307692308
205	T	10	0.192307692308
206	T	16	0.307692307692
211	G	11	0.211538461538
219	G	16	0.307692307692
219	T	11	0.211538461538
221	T	6	0.115384615385
223	G	11	0.211538461538
227	T	1	0.0192307692308
234	A	1	0.0192307692308
234	G	11	0.211538461538
240	A	1	0.0192307692308
241	G	1	0.0192307692308
249	G	16	0.307692307692
253	C	11	0.211538461538
253	T	1	0.0192307692308
254	C	1	0.0192307692308
255	A	1	0.0192307692308
256	C	1	0.0192307692308
259	C	8	0.153846153846
260	G	1	0.0192307692308
262	T	14	0.269230769231
267	T	1	0.0192307692308
269	A	1	0.0192307692308
269	T	11	0.211538461538
270	G	1	0.0192307692308
274	T	10	0.192307692308
278	A	16	0.307692307692
278	C	14	0.269230769231
282	G	11	0.211538461538
282	T	41	0.788461538462
283	C	11	0.211538461538
284	A	1	0.0192307692308
287	C	1	0.0192307692308
289	A	1	0.0192307692308
