Position	Nucleotide	Multiplicity	Frequency
48	G	1	0.0028818443804
51	A	1	0.0028818443804
53	C	7	0.0201729106628
55	T	1	0.0028818443804
56	A	8	0.0230547550432
56	T	1	0.0028818443804
58	C	1	0.0028818443804
59	T	1	0.0028818443804
62	T	3	0.00864553314121
63	C	1	0.0028818443804
64	A	1	0.0028818443804
64	T	1	0.0028818443804
65	T	8	0.0230547550432
66	C	8	0.0230547550432
66	G	19	0.0547550432277
66	T	9	0.0259365994236
67	A	3	0.00864553314121
67	G	23	0.0662824207493
67	T	5	0.014409221902
68	A	2	0.00576368876081
68	C	7	0.0201729106628
68	G	11	0.0317002881844
69	A	15	0.0432276657061
69	T	1	0.0028818443804
71	A	15	0.0432276657061
71	G	1	0.0028818443804
71	T	4	0.0115273775216
72	C	2	0.00576368876081
73	T	1	0.0028818443804
74	C	2	0.00576368876081
75	A	8	0.0230547550432
75	C	2	0.00576368876081
76	A	2	0.00576368876081
76	T	1	0.0028818443804
77	C	3	0.00864553314121
78	A	1	0.0028818443804
78	T	1	0.0028818443804
79	A	26	0.0749279538905
79	C	8	0.0230547550432
79	T	1	0.0028818443804
80	T	3	0.00864553314121
81	C	11	0.0317002881844
82	T	1	0.0028818443804
84	C	7	0.0201729106628
84	G	9	0.0259365994236
85	C	6	0.0172910662824
85	G	1	0.0028818443804
86	G	10	0.028818443804
86	T	3	0.00864553314121
87	C	3	0.00864553314121
87	G	54	0.155619596542
88	A	17	0.0489913544669
88	C	6	0.0172910662824
88	T	18	0.0518731988473
89	A	21	0.0605187319885
89	G	28	0.0806916426513
89	T	27	0.0778097982709
90	G	19	0.0547550432277
91	A	7	0.0201729106628
91	C	32	0.0922190201729
91	T	21	0.0605187319885
92	A	29	0.0835734870317
92	C	34	0.0979827089337
92	G	15	0.0432276657061
93	C	20	0.0576368876081
93	G	18	0.0518731988473
93	T	21	0.0605187319885
94	A	54	0.155619596542
94	C	3	0.00864553314121
94	T	5	0.014409221902
95	A	1	0.0028818443804
95	C	10	0.028818443804
96	C	2	0.00576368876081
96	G	81	0.233429394813
96	T	12	0.0345821325648
97	A	131	0.377521613833
97	C	43	0.123919308357
97	T	13	0.0374639769452
98	A	24	0.0691642651297
98	C	34	0.0979827089337
99	A	4	0.0115273775216
99	C	25	0.0720461095101
100	C	17	0.0489913544669
100	G	2	0.00576368876081
100	T	21	0.0605187319885
101	T	54	0.155619596542
102	C	26	0.0749279538905
103	G	1	0.0028818443804
103	T	47	0.135446685879
104	T	12	0.0345821325648
105	C	6	0.0172910662824
106	A	1	0.0028818443804
106	T	1	0.0028818443804
107	A	1	0.0028818443804
107	C	10	0.028818443804
108	A	13	0.0374639769452
109	A	4	0.0115273775216
109	C	87	0.250720461095
109	T	2	0.00576368876081
110	A	9	0.0259365994236
110	G	3	0.00864553314121
110	T	3	0.00864553314121
111	C	1	0.0028818443804
113	A	1	0.0028818443804
114	C	6	0.0172910662824
114	G	18	0.0518731988473
114	T	2	0.00576368876081
116	A	5	0.014409221902
116	T	2	0.00576368876081
117	T	1	0.0028818443804
118	A	1	0.0028818443804
118	C	1	0.0028818443804
119	G	12	0.0345821325648
119	T	2	0.00576368876081
120	A	3	0.00864553314121
121	C	6	0.0172910662824
121	G	3	0.00864553314121
121	T	1	0.0028818443804
122	A	1	0.0028818443804
123	A	1	0.0028818443804
123	T	14	0.0403458213256
124	A	8	0.0230547550432
124	G	1	0.0028818443804
125	T	1	0.0028818443804
126	A	2	0.00576368876081
126	G	1	0.0028818443804
128	C	3	0.00864553314121
129	C	3	0.00864553314121
129	T	1	0.0028818443804
130	A	4	0.0115273775216
131	A	20	0.0576368876081
131	T	6	0.0172910662824
132	C	23	0.0662824207493
132	G	2	0.00576368876081
133	C	31	0.0893371757925
133	G	7	0.0201729106628
133	T	2	0.00576368876081
134	A	1	0.0028818443804
134	C	1	0.0028818443804
136	A	28	0.0806916426513
136	C	1	0.0028818443804
137	A	111	0.319884726225
137	C	14	0.0403458213256
137	T	1	0.0028818443804
139	C	1	0.0028818443804
140	C	8	0.0230547550432
141	A	5	0.014409221902
141	C	22	0.0634005763689
142	C	1	0.0028818443804
142	T	1	0.0028818443804
143	A	36	0.103746397695
143	C	4	0.0115273775216
144	G	1	0.0028818443804
145	A	8	0.0230547550432
145	T	1	0.0028818443804
146	A	1	0.0028818443804
146	C	4	0.0115273775216
146	T	5	0.014409221902
147	C	26	0.0749279538905
147	G	3	0.00864553314121
148	A	1	0.0028818443804
149	C	25	0.0720461095101
149	G	1	0.0028818443804
150	C	1	0.0028818443804
151	T	1	0.0028818443804
152	A	14	0.0403458213256
152	C	28	0.0806916426513
153	C	1	0.0028818443804
153	T	20	0.0576368876081
154	A	42	0.121037463977
154	C	114	0.328530259366
155	C	48	0.138328530259
156	C	2	0.00576368876081
156	G	34	0.0979827089337
156	T	4	0.0115273775216
157	C	2	0.00576368876081
158	A	8	0.0230547550432
158	G	49	0.14121037464
158	T	22	0.0634005763689
159	A	22	0.0634005763689
159	C	17	0.0489913544669
159	G	10	0.028818443804
160	C	48	0.138328530259
160	G	20	0.0576368876081
160	T	41	0.118155619597
161	C	24	0.0691642651297
161	G	1	0.0028818443804
162	A	15	0.0432276657061
162	C	1	0.0028818443804
162	G	21	0.0605187319885
163	G	1	0.0028818443804
164	A	1	0.0028818443804
164	C	38	0.109510086455
165	C	20	0.0576368876081
165	G	9	0.0259365994236
166	C	68	0.195965417867
167	A	20	0.0576368876081
167	C	2	0.00576368876081
168	A	1	0.0028818443804
168	C	1	0.0028818443804
168	T	4	0.0115273775216
169	A	16	0.0461095100865
169	T	1	0.0028818443804
170	A	14	0.0403458213256
170	C	14	0.0403458213256
170	T	24	0.0691642651297
171	C	6	0.0172910662824
171	G	70	0.201729106628
172	A	28	0.0806916426513
172	C	101	0.291066282421
172	T	4	0.0115273775216
173	A	15	0.0432276657061
173	G	31	0.0893371757925
173	T	23	0.0662824207493
174	G	31	0.0893371757925
174	T	1	0.0028818443804
175	A	20	0.0576368876081
176	A	1	0.0028818443804
176	G	21	0.0605187319885
176	T	38	0.109510086455
177	A	2	0.00576368876081
177	C	42	0.121037463977
178	C	22	0.0634005763689
178	T	31	0.0893371757925
179	G	28	0.0806916426513
179	T	14	0.0403458213256
180	C	20	0.0576368876081
180	G	9	0.0259365994236
181	C	1	0.0028818443804
181	T	1	0.0028818443804
182	A	1	0.0028818443804
182	T	2	0.00576368876081
183	C	1	0.0028818443804
183	G	1	0.0028818443804
184	G	45	0.129682997118
185	G	2	0.00576368876081
185	T	82	0.236311239193
187	T	3	0.00864553314121
188	T	1	0.0028818443804
189	A	3	0.00864553314121
189	C	1	0.0028818443804
190	A	1	0.0028818443804
191	A	1	0.0028818443804
191	G	1	0.0028818443804
191	T	6	0.0172910662824
192	G	8	0.0230547550432
193	C	1	0.0028818443804
194	T	8	0.0230547550432
195	C	30	0.0864553314121
195	G	44	0.126801152738
195	T	2	0.00576368876081
196	C	9	0.0259365994236
196	G	27	0.0778097982709
197	C	48	0.138328530259
198	C	14	0.0403458213256
198	G	4	0.0115273775216
199	A	23	0.0662824207493
199	T	2	0.00576368876081
200	C	8	0.0230547550432
202	A	9	0.0259365994236
202	C	1	0.0028818443804
202	T	1	0.0028818443804
203	C	3	0.00864553314121
203	G	6	0.0172910662824
203	T	2	0.00576368876081
204	A	2	0.00576368876081
204	C	1	0.0028818443804
205	A	1	0.0028818443804
205	C	44	0.126801152738
205	G	1	0.0028818443804
206	T	1	0.0028818443804
207	C	5	0.014409221902
207	G	18	0.0518731988473
207	T	47	0.135446685879
208	A	8	0.0230547550432
208	G	24	0.0691642651297
208	T	23	0.0662824207493
209	A	1	0.0028818443804
209	G	2	0.00576368876081
209	T	13	0.0374639769452
210	C	8	0.0230547550432
210	G	24	0.0691642651297
211	A	1	0.0028818443804
211	C	2	0.00576368876081
212	C	44	0.126801152738
212	G	46	0.132564841499
212	T	21	0.0605187319885
213	A	2	0.00576368876081
213	C	3	0.00864553314121
213	G	2	0.00576368876081
214	A	2	0.00576368876081
214	T	22	0.0634005763689
215	A	1	0.0028818443804
215	C	3	0.00864553314121
215	G	23	0.0662824207493
215	T	2	0.00576368876081
216	A	65	0.187319884726
216	C	25	0.0720461095101
216	T	9	0.0259365994236
217	A	20	0.0576368876081
217	C	5	0.014409221902
217	G	13	0.0374639769452
218	C	21	0.0605187319885
218	G	76	0.219020172911
218	T	10	0.028818443804
219	A	2	0.00576368876081
219	C	12	0.0345821325648
219	T	1	0.0028818443804
220	C	2	0.00576368876081
220	G	2	0.00576368876081
221	A	1	0.0028818443804
222	C	5	0.014409221902
222	G	20	0.0576368876081
222	T	2	0.00576368876081
223	G	15	0.0432276657061
224	A	2	0.00576368876081
224	C	1	0.0028818443804
224	T	1	0.0028818443804
225	A	12	0.0345821325648
225	C	2	0.00576368876081
226	T	1	0.0028818443804
227	A	1	0.0028818443804
227	G	1	0.0028818443804
227	T	12	0.0345821325648
228	C	5	0.014409221902
228	G	15	0.0432276657061
229	C	21	0.0605187319885
229	G	2	0.00576368876081
230	A	5	0.014409221902
230	C	20	0.0576368876081
231	C	1	0.0028818443804
232	C	5	0.014409221902
232	G	12	0.0345821325648
232	T	1	0.0028818443804
233	A	1	0.0028818443804
233	G	4	0.0115273775216
233	T	34	0.0979827089337
234	G	29	0.0835734870317
235	C	22	0.0634005763689
235	G	4	0.0115273775216
235	T	2	0.00576368876081
236	A	22	0.0634005763689
236	C	25	0.0720461095101
237	C	5	0.014409221902
237	G	10	0.028818443804
238	A	1	0.0028818443804
238	C	1	0.0028818443804
239	A	1	0.0028818443804
239	G	1	0.0028818443804
239	T	3	0.00864553314121
240	A	1	0.0028818443804
240	C	1	0.0028818443804
240	G	1	0.0028818443804
240	T	17	0.0489913544669
241	A	2	0.00576368876081
241	T	3	0.00864553314121
242	T	1	0.0028818443804
243	A	17	0.0489913544669
243	T	4	0.0115273775216
244	C	1	0.0028818443804
244	G	1	0.0028818443804
245	A	9	0.0259365994236
245	T	3	0.00864553314121
246	G	6	0.0172910662824
247	C	1	0.0028818443804
247	G	55	0.158501440922
247	T	10	0.028818443804
248	A	53	0.152737752161
248	C	37	0.106628242075
248	T	3	0.00864553314121
249	A	10	0.028818443804
249	G	17	0.0489913544669
249	T	39	0.112391930836
250	C	1	0.0028818443804
250	G	2	0.00576368876081
251	A	4	0.0115273775216
251	C	1	0.0028818443804
251	T	17	0.0489913544669
252	C	1	0.0028818443804
252	G	6	0.0172910662824
252	T	20	0.0576368876081
253	A	71	0.204610951009
253	C	67	0.193083573487
253	T	2	0.00576368876081
254	G	63	0.181556195965
254	T	29	0.0835734870317
255	C	1	0.0028818443804
255	G	2	0.00576368876081
256	A	1	0.0028818443804
256	T	10	0.028818443804
257	C	15	0.0432276657061
257	G	11	0.0317002881844
258	A	2	0.00576368876081
258	C	8	0.0230547550432
258	T	2	0.00576368876081
259	C	4	0.0115273775216
259	G	1	0.0028818443804
260	A	1	0.0028818443804
260	T	2	0.00576368876081
261	C	1	0.0028818443804
261	G	2	0.00576368876081
262	A	2	0.00576368876081
263	A	3	0.00864553314121
263	T	10	0.028818443804
264	A	1	0.0028818443804
265	T	9	0.0259365994236
266	T	1	0.0028818443804
267	A	16	0.0461095100865
267	C	1	0.0028818443804
268	G	1	0.0028818443804
268	T	1	0.0028818443804
269	A	8	0.0230547550432
269	C	2	0.00576368876081
269	G	4	0.0115273775216
271	C	2	0.00576368876081
271	G	3	0.00864553314121
271	T	1	0.0028818443804
272	A	2	0.00576368876081
272	T	20	0.0576368876081
273	C	1	0.0028818443804
276	T	2	0.00576368876081
277	A	1	0.0028818443804
277	T	1	0.0028818443804
278	C	5	0.014409221902
278	G	1	0.0028818443804
278	T	5	0.014409221902
279	A	5	0.014409221902
279	C	3	0.00864553314121
281	A	49	0.14121037464
281	C	85	0.244956772334
281	T	26	0.0749279538905
282	C	2	0.00576368876081
283	T	11	0.0317002881844
284	A	1	0.0028818443804
284	C	10	0.028818443804
284	G	1	0.0028818443804
285	G	2	0.00576368876081
286	C	1	0.0028818443804
286	G	2	0.00576368876081
286	T	30	0.0864553314121
287	G	1	0.0028818443804
287	T	74	0.21325648415
288	C	1	0.0028818443804
288	G	1	0.0028818443804
289	A	2	0.00576368876081
289	C	3	0.00864553314121
289	T	1	0.0028818443804
290	A	1	0.0028818443804
290	C	24	0.0691642651297
290	G	1	0.0028818443804
291	A	6	0.0172910662824
291	C	2	0.00576368876081
291	T	2	0.00576368876081
292	A	29	0.0835734870317
292	G	10	0.028818443804
292	T	13	0.0374639769452
293	A	13	0.0374639769452
293	C	11	0.0317002881844
293	T	5	0.014409221902
