Position	Nucleotide	Multiplicity	Frequency
52	C	1	0.0135135135135
57	T	1	0.0135135135135
65	C	1	0.0135135135135
69	A	1	0.0135135135135
72	C	1	0.0135135135135
74	C	1	0.0135135135135
81	C	1	0.0135135135135
82	T	1	0.0135135135135
85	C	1	0.0135135135135
89	G	1	0.0135135135135
90	T	1	0.0135135135135
93	A	1	0.0135135135135
93	T	2	0.027027027027
101	T	1	0.0135135135135
105	C	2	0.027027027027
108	A	1	0.0135135135135
108	T	1	0.0135135135135
109	C	1	0.0135135135135
115	C	1	0.0135135135135
116	C	1	0.0135135135135
119	C	1	0.0135135135135
121	A	1	0.0135135135135
128	T	1	0.0135135135135
130	A	1	0.0135135135135
135	C	1	0.0135135135135
137	A	1	0.0135135135135
146	T	1	0.0135135135135
147	T	1	0.0135135135135
150	G	1	0.0135135135135
151	T	74	1.0
154	A	1	0.0135135135135
155	G	1	0.0135135135135
156	G	73	0.986486486486
156	T	1	0.0135135135135
157	G	1	0.0135135135135
159	C	1	0.0135135135135
161	G	1	0.0135135135135
161	T	1	0.0135135135135
162	C	73	0.986486486486
162	T	1	0.0135135135135
172	C	1	0.0135135135135
174	G	1	0.0135135135135
175	T	1	0.0135135135135
176	A	1	0.0135135135135
177	G	1	0.0135135135135
177	T	1	0.0135135135135
178	A	2	0.027027027027
184	G	1	0.0135135135135
187	T	1	0.0135135135135
188	A	1	0.0135135135135
191	T	1	0.0135135135135
193	A	1	0.0135135135135
193	T	1	0.0135135135135
194	G	1	0.0135135135135
196	G	1	0.0135135135135
198	C	1	0.0135135135135
198	G	1	0.0135135135135
201	C	2	0.027027027027
205	A	1	0.0135135135135
205	T	1	0.0135135135135
206	C	1	0.0135135135135
209	T	1	0.0135135135135
210	G	1	0.0135135135135
213	G	1	0.0135135135135
214	C	1	0.0135135135135
218	G	1	0.0135135135135
220	A	1	0.0135135135135
221	C	1	0.0135135135135
223	C	1	0.0135135135135
225	A	1	0.0135135135135
225	T	1	0.0135135135135
226	C	1	0.0135135135135
228	C	1	0.0135135135135
230	C	1	0.0135135135135
230	G	1	0.0135135135135
232	C	1	0.0135135135135
234	G	1	0.0135135135135
235	G	1	0.0135135135135
237	C	2	0.027027027027
237	G	1	0.0135135135135
238	A	1	0.0135135135135
240	T	1	0.0135135135135
241	C	1	0.0135135135135
242	C	74	1.0
243	C	1	0.0135135135135
244	T	74	1.0
245	G	1	0.0135135135135
246	T	1	0.0135135135135
252	G	1	0.0135135135135
253	G	1	0.0135135135135
260	A	1	0.0135135135135
262	C	1	0.0135135135135
264	G	1	0.0135135135135
266	G	1	0.0135135135135
267	G	1	0.0135135135135
282	T	2	0.027027027027
291	C	2	0.027027027027
294	T	1	0.0135135135135
296	C	73	0.986486486486
