Position	Nucleotide	Multiplicity	Frequency
47	T	1	0.00179533213645
48	C	1	0.00179533213645
49	T	1	0.00179533213645
50	T	1	0.00179533213645
51	G	1	0.00179533213645
52	C	1	0.00179533213645
52	G	2	0.00359066427289
53	A	1	0.00179533213645
53	C	10	0.0179533213645
55	T	2	0.00359066427289
56	A	9	0.016157989228
56	T	2	0.00359066427289
57	T	4	0.00718132854578
58	C	3	0.00538599640934
59	T	3	0.00538599640934
60	C	2	0.00359066427289
60	G	2	0.00359066427289
60	T	1	0.00179533213645
62	T	1	0.00179533213645
64	A	2	0.00359066427289
64	C	1	0.00179533213645
64	T	2	0.00359066427289
65	T	9	0.016157989228
66	G	182	0.326750448833
67	A	1	0.00179533213645
67	G	54	0.096947935368
67	T	44	0.0789946140036
69	A	2	0.00359066427289
70	C	3	0.00538599640934
71	A	1	0.00179533213645
71	T	31	0.0556552962298
72	C	3	0.00538599640934
73	T	1	0.00179533213645
74	C	33	0.0592459605027
74	G	1	0.00179533213645
75	A	2	0.00359066427289
76	A	6	0.0107719928187
77	A	15	0.0269299820467
77	C	25	0.0448833034111
78	A	3	0.00538599640934
79	A	55	0.0987432675045
79	C	13	0.0233393177738
79	T	2	0.00359066427289
80	T	5	0.00897666068223
81	C	3	0.00538599640934
81	G	1	0.00179533213645
83	T	2	0.00359066427289
84	C	202	0.362657091562
84	T	26	0.0466786355476
85	C	2	0.00359066427289
86	G	28	0.0502692998205
86	T	44	0.0789946140036
87	C	1	0.00179533213645
87	G	13	0.0233393177738
88	A	41	0.0736086175943
88	C	6	0.0107719928187
89	C	1	0.00179533213645
90	C	48	0.0861759425494
90	G	231	0.414721723519
90	T	13	0.0233393177738
91	A	279	0.500897666068
91	C	34	0.0610412926391
92	A	44	0.0789946140036
92	C	2	0.00359066427289
93	A	203	0.364452423698
93	G	6	0.0107719928187
94	C	1	0.00179533213645
94	G	1	0.00179533213645
94	T	32	0.0574506283662
95	T	27	0.048473967684
96	C	6	0.0107719928187
97	C	2	0.00359066427289
98	A	1	0.00179533213645
98	T	1	0.00179533213645
99	A	1	0.00179533213645
99	C	2	0.00359066427289
100	A	1	0.00179533213645
100	T	2	0.00359066427289
101	A	1	0.00179533213645
102	C	3	0.00538599640934
102	G	6	0.0107719928187
103	A	12	0.0215439856373
103	C	223	0.400359066427
103	T	2	0.00359066427289
104	T	52	0.0933572710952
105	C	5	0.00897666068223
105	G	1	0.00179533213645
106	A	1	0.00179533213645
107	A	1	0.00179533213645
108	G	6	0.0107719928187
108	T	1	0.00179533213645
109	G	1	0.00179533213645
110	A	1	0.00179533213645
110	T	28	0.0502692998205
112	A	1	0.00179533213645
112	T	2	0.00359066427289
113	A	46	0.0825852782765
113	C	6	0.0107719928187
114	A	2	0.00359066427289
114	T	2	0.00359066427289
115	C	2	0.00359066427289
115	G	2	0.00359066427289
116	C	1	0.00179533213645
116	T	1	0.00179533213645
117	A	1	0.00179533213645
117	G	26	0.0466786355476
117	T	17	0.0305206463196
118	A	2	0.00359066427289
118	G	1	0.00179533213645
118	T	3	0.00538599640934
119	A	2	0.00359066427289
119	G	1	0.00179533213645
119	T	2	0.00359066427289
120	A	1	0.00179533213645
121	T	1	0.00179533213645
122	G	2	0.00359066427289
123	A	1	0.00179533213645
125	A	42	0.0754039497307
126	C	2	0.00359066427289
126	G	2	0.00359066427289
127	C	1	0.00179533213645
127	G	47	0.0843806104129
128	A	1	0.00179533213645
128	C	1	0.00179533213645
128	T	1	0.00179533213645
129	A	4	0.00718132854578
129	C	1	0.00179533213645
130	A	36	0.064631956912
130	C	2	0.00359066427289
130	T	1	0.00179533213645
131	C	4	0.00718132854578
131	G	16	0.0287253141831
133	C	5	0.00897666068223
134	C	27	0.048473967684
134	T	2	0.00359066427289
135	A	1	0.00179533213645
135	C	7	0.0125673249551
136	C	1	0.00179533213645
136	G	2	0.00359066427289
137	A	17	0.0305206463196
137	T	1	0.00179533213645
138	G	1	0.00179533213645
140	A	1	0.00179533213645
140	T	1	0.00179533213645
141	C	12	0.0215439856373
141	G	3	0.00538599640934
141	T	2	0.00359066427289
142	A	3	0.00538599640934
142	C	2	0.00359066427289
142	G	4	0.00718132854578
143	C	40	0.0718132854578
143	G	2	0.00359066427289
144	A	1	0.00179533213645
144	T	1	0.00179533213645
145	C	1	0.00179533213645
145	T	1	0.00179533213645
146	A	267	0.479353680431
146	C	54	0.096947935368
147	A	47	0.0843806104129
147	C	3	0.00538599640934
148	C	5	0.00897666068223
148	G	2	0.00359066427289
149	A	3	0.00538599640934
149	C	53	0.0951526032316
150	C	203	0.364452423698
150	G	44	0.0789946140036
150	T	5	0.00897666068223
151	C	3	0.00538599640934
151	G	3	0.00538599640934
152	A	1	0.00179533213645
152	T	42	0.0754039497307
153	C	11	0.0197486535009
154	C	2	0.00359066427289
154	G	1	0.00179533213645
154	T	73	0.131059245961
155	A	1	0.00179533213645
155	C	1	0.00179533213645
156	A	21	0.0377019748654
156	C	14	0.0251346499102
156	G	13	0.0233393177738
157	C	12	0.0215439856373
157	G	1	0.00179533213645
158	T	39	0.0700179533214
159	C	1	0.00179533213645
159	G	13	0.0233393177738
160	A	16	0.0287253141831
160	C	302	0.542190305206
161	C	11	0.0197486535009
161	G	1	0.00179533213645
162	A	1	0.00179533213645
162	T	2	0.00359066427289
163	A	46	0.0825852782765
163	T	44	0.0789946140036
165	C	1	0.00179533213645
165	G	17	0.0305206463196
166	A	13	0.0233393177738
166	C	129	0.231597845601
166	T	18	0.032315978456
167	G	23	0.0412926391382
167	T	59	0.10592459605
168	C	2	0.00359066427289
168	G	2	0.00359066427289
169	A	2	0.00359066427289
170	A	2	0.00359066427289
170	T	57	0.102333931777
171	C	30	0.0538599640934
171	T	10	0.0179533213645
172	C	2	0.00359066427289
172	G	47	0.0843806104129
173	A	3	0.00538599640934
173	G	53	0.0951526032316
173	T	64	0.114901256732
174	A	9	0.016157989228
174	C	3	0.00538599640934
175	C	3	0.00538599640934
175	G	2	0.00359066427289
176	T	58	0.104129263914
177	C	2	0.00359066427289
177	G	11	0.0197486535009
178	C	11	0.0197486535009
178	G	33	0.0592459605027
178	T	1	0.00179533213645
179	A	1	0.00179533213645
179	T	19	0.0341113105925
180	A	3	0.00538599640934
181	A	1	0.00179533213645
182	A	1	0.00179533213645
182	G	8	0.0143626570916
182	T	1	0.00179533213645
183	A	2	0.00359066427289
183	C	3	0.00538599640934
183	G	1	0.00179533213645
184	A	6	0.0107719928187
184	T	1	0.00179533213645
185	T	9	0.016157989228
186	G	9	0.016157989228
186	T	25	0.0448833034111
187	C	6	0.0107719928187
188	A	2	0.00359066427289
188	G	24	0.0430879712747
189	C	47	0.0843806104129
189	G	27	0.048473967684
190	C	21	0.0377019748654
190	G	19	0.0341113105925
191	A	2	0.00359066427289
191	T	2	0.00359066427289
192	C	6	0.0107719928187
192	G	3	0.00538599640934
193	A	1	0.00179533213645
193	C	1	0.00179533213645
193	T	3	0.00538599640934
194	A	1	0.00179533213645
194	C	6	0.0107719928187
195	T	2	0.00359066427289
196	A	2	0.00359066427289
196	C	2	0.00359066427289
196	T	1	0.00179533213645
197	C	12	0.0215439856373
197	G	2	0.00359066427289
197	T	1	0.00179533213645
198	A	16	0.0287253141831
198	C	65	0.116696588869
198	T	2	0.00359066427289
199	A	1	0.00179533213645
199	C	15	0.0269299820467
199	G	1	0.00179533213645
200	A	4	0.00718132854578
200	G	2	0.00359066427289
200	T	2	0.00359066427289
201	C	9	0.016157989228
201	T	15	0.0269299820467
202	G	52	0.0933572710952
203	A	4	0.00718132854578
203	T	26	0.0466786355476
204	C	5	0.00897666068223
204	G	14	0.0251346499102
205	C	1	0.00179533213645
205	G	1	0.00179533213645
206	C	5	0.00897666068223
206	G	56	0.100538599641
206	T	18	0.032315978456
207	A	5	0.00897666068223
207	C	5	0.00897666068223
207	G	2	0.00359066427289
208	A	2	0.00359066427289
208	T	13	0.0233393177738
209	C	3	0.00538599640934
209	G	3	0.00538599640934
209	T	2	0.00359066427289
210	A	23	0.0412926391382
210	C	85	0.152603231598
211	A	1	0.00179533213645
211	C	46	0.0825852782765
211	G	19	0.0341113105925
212	C	7	0.0125673249551
212	G	69	0.123877917415
212	T	9	0.016157989228
213	A	206	0.369838420108
213	C	2	0.00359066427289
213	T	1	0.00179533213645
214	C	5	0.00897666068223
214	G	3	0.00538599640934
215	A	4	0.00718132854578
216	C	7	0.0125673249551
216	G	1	0.00179533213645
217	A	2	0.00359066427289
217	G	14	0.0251346499102
217	T	9	0.016157989228
218	A	1	0.00179533213645
218	C	16	0.0287253141831
218	T	3	0.00538599640934
219	A	2	0.00359066427289
219	C	215	0.385996409336
220	G	1	0.00179533213645
221	A	29	0.0520646319569
221	T	1	0.00179533213645
222	C	2	0.00359066427289
222	G	2	0.00359066427289
222	T	1	0.00179533213645
223	G	223	0.400359066427
223	T	35	0.0628366247756
224	A	1	0.00179533213645
224	C	24	0.0430879712747
224	T	6	0.0107719928187
225	C	4	0.00718132854578
225	G	2	0.00359066427289
226	C	5	0.00897666068223
226	G	15	0.0269299820467
226	T	1	0.00179533213645
227	G	32	0.0574506283662
227	T	247	0.443447037702
229	C	7	0.0125673249551
229	G	24	0.0430879712747
230	A	90	0.16157989228
230	T	2	0.00359066427289
231	C	2	0.00359066427289
231	G	28	0.0502692998205
232	C	1	0.00179533213645
233	A	2	0.00359066427289
233	T	3	0.00538599640934
234	A	1	0.00179533213645
234	C	7	0.0125673249551
234	G	10	0.0179533213645
235	A	2	0.00359066427289
235	T	2	0.00359066427289
236	A	45	0.08078994614
236	T	18	0.032315978456
237	A	2	0.00359066427289
237	T	1	0.00179533213645
238	C	2	0.00359066427289
239	A	1	0.00179533213645
239	T	6	0.0107719928187
240	C	36	0.064631956912
240	G	3	0.00538599640934
240	T	1	0.00179533213645
241	G	118	0.211849192101
241	T	2	0.00359066427289
242	A	2	0.00359066427289
242	C	5	0.00897666068223
242	T	2	0.00359066427289
243	A	33	0.0592459605027
243	G	41	0.0736086175943
243	T	93	0.166965888689
244	C	2	0.00359066427289
244	G	3	0.00538599640934
245	A	2	0.00359066427289
245	T	2	0.00359066427289
246	C	2	0.00359066427289
246	G	7	0.0125673249551
246	T	15	0.0269299820467
247	A	127	0.228007181329
247	C	108	0.193895870736
248	A	1	0.00179533213645
248	G	32	0.0574506283662
248	T	49	0.0879712746858
249	A	29	0.0520646319569
249	C	13	0.0233393177738
250	A	1	0.00179533213645
250	G	28	0.0502692998205
250	T	3	0.00538599640934
251	C	1	0.00179533213645
252	A	28	0.0502692998205
252	C	17	0.0305206463196
252	T	3	0.00538599640934
253	A	1	0.00179533213645
253	G	1	0.00179533213645
254	A	1	0.00179533213645
254	C	1	0.00179533213645
254	T	9	0.016157989228
255	C	2	0.00359066427289
255	G	37	0.0664272890485
256	A	2	0.00359066427289
256	G	29	0.0520646319569
257	A	1	0.00179533213645
258	A	26	0.0466786355476
258	T	5	0.00897666068223
259	T	1	0.00179533213645
260	A	38	0.0682226211849
260	C	5	0.00897666068223
260	G	3	0.00538599640934
261	T	4	0.00718132854578
262	T	1	0.00179533213645
263	A	1	0.00179533213645
263	T	1	0.00179533213645
264	A	2	0.00359066427289
264	T	1	0.00179533213645
265	C	3	0.00538599640934
265	G	5	0.00897666068223
266	A	6	0.0107719928187
266	G	1	0.00179533213645
267	C	2	0.00359066427289
267	G	2	0.00359066427289
268	T	1	0.00179533213645
269	A	1	0.00179533213645
269	C	1	0.00179533213645
271	A	1	0.00179533213645
271	T	1	0.00179533213645
273	A	33	0.0592459605027
273	C	24	0.0430879712747
273	T	10	0.0179533213645
274	C	3	0.00538599640934
274	G	4	0.00718132854578
275	A	70	0.125673249551
275	C	45	0.08078994614
275	T	26	0.0466786355476
276	A	1	0.00179533213645
276	C	1	0.00179533213645
276	G	1	0.00179533213645
277	T	1	0.00179533213645
278	C	9	0.016157989228
278	G	2	0.00359066427289
279	C	4	0.00718132854578
279	G	1	0.00179533213645
280	C	3	0.00538599640934
280	T	7	0.0125673249551
281	A	3	0.00538599640934
281	T	74	0.132854578097
282	C	5	0.00897666068223
282	G	3	0.00538599640934
283	A	2	0.00359066427289
284	A	2	0.00359066427289
284	C	10	0.0179533213645
284	G	3	0.00538599640934
285	T	2	0.00359066427289
286	G	2	0.00359066427289
286	T	201	0.360861759425
287	A	2	0.00359066427289
