Position	Nucleotide	Multiplicity	Frequency
27	G	1	0.00826446280992
28	T	1	0.00826446280992
37	C	1	0.00826446280992
37	G	1	0.00826446280992
38	C	2	0.0165289256198
42	C	4	0.0330578512397
42	G	6	0.0495867768595
45	G	1	0.00826446280992
46	C	2	0.0165289256198
47	T	1	0.00826446280992
48	G	3	0.0247933884298
50	T	1	0.00826446280992
52	C	2	0.0165289256198
53	G	3	0.0247933884298
55	A	1	0.00826446280992
56	A	1	0.00826446280992
57	A	1	0.00826446280992
59	C	3	0.0247933884298
59	T	1	0.00826446280992
62	A	29	0.239669421488
62	T	32	0.264462809917
63	G	1	0.00826446280992
65	T	32	0.264462809917
66	G	1	0.00826446280992
71	G	13	0.107438016529
71	T	1	0.00826446280992
72	C	1	0.00826446280992
72	G	1	0.00826446280992
76	A	1	0.00826446280992
77	A	6	0.0495867768595
77	C	1	0.00826446280992
78	A	13	0.107438016529
81	C	3	0.0247933884298
81	G	3	0.0247933884298
82	T	2	0.0165289256198
83	G	1	0.00826446280992
84	G	8	0.0661157024793
84	T	1	0.00826446280992
85	C	1	0.00826446280992
86	T	1	0.00826446280992
87	C	33	0.272727272727
88	C	12	0.099173553719
90	C	5	0.0413223140496
90	G	1	0.00826446280992
90	T	1	0.00826446280992
91	A	1	0.00826446280992
92	A	29	0.239669421488
92	C	1	0.00826446280992
93	C	4	0.0330578512397
94	C	14	0.115702479339
96	A	1	0.00826446280992
97	C	1	0.00826446280992
98	C	2	0.0165289256198
98	G	1	0.00826446280992
100	A	8	0.0661157024793
103	A	2	0.0165289256198
103	C	3	0.0247933884298
104	A	1	0.00826446280992
104	C	1	0.00826446280992
108	T	13	0.107438016529
109	C	1	0.00826446280992
109	T	1	0.00826446280992
110	A	1	0.00826446280992
110	T	1	0.00826446280992
111	C	2	0.0165289256198
112	A	1	0.00826446280992
114	G	3	0.0247933884298
115	C	2	0.0165289256198
117	T	2	0.0165289256198
121	C	2	0.0165289256198
122	A	1	0.00826446280992
122	T	1	0.00826446280992
123	G	29	0.239669421488
124	A	1	0.00826446280992
124	G	1	0.00826446280992
124	T	2	0.0165289256198
125	T	1	0.00826446280992
127	T	1	0.00826446280992
128	G	1	0.00826446280992
128	T	1	0.00826446280992
131	G	1	0.00826446280992
133	G	2	0.0165289256198
135	T	3	0.0247933884298
137	T	1	0.00826446280992
140	A	1	0.00826446280992
142	T	1	0.00826446280992
143	A	3	0.0247933884298
143	T	1	0.00826446280992
145	T	30	0.247933884298
146	A	1	0.00826446280992
146	C	30	0.247933884298
147	A	1	0.00826446280992
148	C	2	0.0165289256198
151	G	1	0.00826446280992
153	G	38	0.314049586777
154	C	1	0.00826446280992
156	C	3	0.0247933884298
157	A	1	0.00826446280992
157	C	8	0.0661157024793
160	C	33	0.272727272727
160	T	29	0.239669421488
161	C	33	0.272727272727
162	G	30	0.247933884298
163	T	1	0.00826446280992
164	A	1	0.00826446280992
165	C	1	0.00826446280992
165	G	2	0.0165289256198
166	C	1	0.00826446280992
168	T	1	0.00826446280992
172	G	1	0.00826446280992
172	T	1	0.00826446280992
173	A	14	0.115702479339
173	G	8	0.0661157024793
175	C	13	0.107438016529
175	G	3	0.0247933884298
177	A	1	0.00826446280992
177	T	3	0.0247933884298
178	A	1	0.00826446280992
179	T	4	0.0330578512397
180	C	14	0.115702479339
183	C	3	0.0247933884298
183	G	2	0.0165289256198
185	G	13	0.107438016529
185	T	46	0.380165289256
186	A	29	0.239669421488
186	G	1	0.00826446280992
186	T	12	0.099173553719
187	A	1	0.00826446280992
188	C	1	0.00826446280992
189	A	1	0.00826446280992
189	C	2	0.0165289256198
190	T	1	0.00826446280992
194	T	1	0.00826446280992
195	C	1	0.00826446280992
195	G	1	0.00826446280992
196	G	33	0.272727272727
198	C	1	0.00826446280992
199	A	13	0.107438016529
199	C	33	0.272727272727
199	T	1	0.00826446280992
203	A	42	0.347107438017
204	G	34	0.280991735537
205	C	1	0.00826446280992
208	A	13	0.107438016529
210	G	33	0.272727272727
210	T	1	0.00826446280992
212	T	1	0.00826446280992
213	C	1	0.00826446280992
213	G	1	0.00826446280992
214	T	13	0.107438016529
217	G	1	0.00826446280992
223	A	1	0.00826446280992
224	G	1	0.00826446280992
230	C	1	0.00826446280992
230	T	1	0.00826446280992
231	C	7	0.0578512396694
232	G	1	0.00826446280992
235	G	1	0.00826446280992
236	A	1	0.00826446280992
240	T	1	0.00826446280992
243	T	1	0.00826446280992
245	A	2	0.0165289256198
247	T	8	0.0661157024793
248	G	8	0.0661157024793
249	C	1	0.00826446280992
249	G	3	0.0247933884298
250	A	1	0.00826446280992
251	A	3	0.0247933884298
252	C	2	0.0165289256198
252	T	1	0.00826446280992
253	T	1	0.00826446280992
256	C	7	0.0578512396694
256	G	1	0.00826446280992
257	A	1	0.00826446280992
258	G	1	0.00826446280992
259	C	1	0.00826446280992
260	A	3	0.0247933884298
262	G	3	0.0247933884298
263	A	1	0.00826446280992
263	G	12	0.099173553719
263	T	1	0.00826446280992
265	G	1	0.00826446280992
266	A	1	0.00826446280992
266	C	7	0.0578512396694
267	A	1	0.00826446280992
268	A	7	0.0578512396694
268	C	13	0.107438016529
269	T	2	0.0165289256198
272	A	1	0.00826446280992
274	T	1	0.00826446280992
276	A	1	0.00826446280992
277	G	32	0.264462809917
278	A	2	0.0165289256198
280	A	1	0.00826446280992
281	C	1	0.00826446280992
282	C	1	0.00826446280992
286	C	1	0.00826446280992
287	T	13	0.107438016529
288	A	1	0.00826446280992
289	T	1	0.00826446280992
290	C	5	0.0413223140496
291	A	1	0.00826446280992
294	T	32	0.264462809917
295	G	32	0.264462809917
