Position	Nucleotide	Multiplicity	Frequency
56	G	1	0.0322580645161
57	A	1	0.0322580645161
64	A	1	0.0322580645161
68	G	1	0.0322580645161
74	C	1	0.0322580645161
90	G	5	0.161290322581
91	A	31	1.0
96	A	1	0.0322580645161
104	T	1	0.0322580645161
127	C	1	0.0322580645161
134	A	1	0.0322580645161
139	C	1	0.0322580645161
140	C	31	1.0
143	A	1	0.0322580645161
145	T	31	1.0
148	T	31	1.0
152	A	31	1.0
153	G	1	0.0322580645161
157	A	30	0.967741935484
157	T	1	0.0322580645161
162	A	1	0.0322580645161
168	G	1	0.0322580645161
169	C	31	1.0
175	T	31	1.0
188	A	31	1.0
192	G	1	0.0322580645161
197	G	1	0.0322580645161
211	T	1	0.0322580645161
222	C	1	0.0322580645161
224	T	1	0.0322580645161
228	C	2	0.0645161290323
233	A	31	1.0
246	G	1	0.0322580645161
248	A	1	0.0322580645161
250	A	1	0.0322580645161
254	G	1	0.0322580645161
255	A	1	0.0322580645161
256	C	2	0.0645161290323
265	G	31	1.0
269	A	1	0.0322580645161
270	G	1	0.0322580645161
271	A	1	0.0322580645161
276	A	1	0.0322580645161
287	G	1	0.0322580645161
289	C	1	0.0322580645161
