Position	Nucleotide	Multiplicity	Frequency
27	A	85	0.965909090909
29	A	1	0.0113636363636
35	A	1	0.0113636363636
36	G	1	0.0113636363636
38	C	2	0.0227272727273
42	C	3	0.0340909090909
43	G	3	0.0340909090909
47	T	1	0.0113636363636
48	G	2	0.0227272727273
50	T	1	0.0113636363636
51	T	1	0.0113636363636
52	C	1	0.0113636363636
54	G	1	0.0113636363636
55	A	1	0.0113636363636
56	A	2	0.0227272727273
56	C	2	0.0227272727273
59	C	1	0.0113636363636
59	T	4	0.0454545454545
61	A	1	0.0113636363636
66	G	2	0.0227272727273
67	G	27	0.306818181818
68	G	26	0.295454545455
70	C	1	0.0113636363636
74	C	1	0.0113636363636
76	T	1	0.0113636363636
77	A	24	0.272727272727
77	C	3	0.0340909090909
77	T	1	0.0113636363636
79	C	25	0.284090909091
82	T	2	0.0227272727273
83	C	1	0.0113636363636
83	G	1	0.0113636363636
87	G	1	0.0113636363636
88	A	26	0.295454545455
88	C	11	0.125
89	T	8	0.0909090909091
90	C	4	0.0454545454545
91	G	1	0.0113636363636
91	T	1	0.0113636363636
93	C	1	0.0113636363636
93	G	31	0.352272727273
94	A	24	0.272727272727
94	C	14	0.159090909091
96	A	9	0.102272727273
99	G	28	0.318181818182
99	T	2	0.0227272727273
102	A	3	0.0340909090909
103	C	13	0.147727272727
104	C	1	0.0113636363636
108	G	1	0.0113636363636
109	A	6	0.0681818181818
110	T	6	0.0681818181818
111	C	1	0.0113636363636
114	C	1	0.0113636363636
114	G	1	0.0113636363636
115	C	2	0.0227272727273
116	A	1	0.0113636363636
117	T	1	0.0113636363636
119	C	2	0.0227272727273
121	G	1	0.0113636363636
123	T	5	0.0568181818182
124	G	1	0.0113636363636
124	T	1	0.0113636363636
128	G	1	0.0113636363636
129	C	1	0.0113636363636
131	A	1	0.0113636363636
132	G	1	0.0113636363636
133	G	3	0.0340909090909
136	G	1	0.0113636363636
137	T	1	0.0113636363636
141	A	1	0.0113636363636
143	A	1	0.0113636363636
146	A	1	0.0113636363636
146	C	1	0.0113636363636
152	C	1	0.0113636363636
154	G	54	0.613636363636
155	T	1	0.0113636363636
156	C	1	0.0113636363636
157	A	1	0.0113636363636
160	G	1	0.0113636363636
161	C	3	0.0340909090909
165	A	25	0.284090909091
166	G	2	0.0227272727273
167	G	26	0.295454545455
170	C	2	0.0227272727273
171	C	25	0.284090909091
172	C	9	0.102272727273
173	A	25	0.284090909091
173	C	1	0.0113636363636
175	G	25	0.284090909091
176	G	3	0.0340909090909
177	A	9	0.102272727273
178	T	3	0.0340909090909
179	A	2	0.0227272727273
179	G	8	0.0909090909091
179	T	3	0.0340909090909
181	T	2	0.0227272727273
182	T	9	0.102272727273
183	G	6	0.0681818181818
184	A	13	0.147727272727
184	C	6	0.0681818181818
185	T	30	0.340909090909
186	C	28	0.318181818182
186	G	6	0.0681818181818
186	T	1	0.0113636363636
187	G	6	0.0681818181818
187	T	3	0.0340909090909
188	G	5	0.0568181818182
188	T	1	0.0113636363636
191	C	1	0.0113636363636
193	C	1	0.0113636363636
194	A	2	0.0227272727273
194	C	2	0.0227272727273
195	T	1	0.0113636363636
196	G	26	0.295454545455
197	C	1	0.0113636363636
203	A	1	0.0113636363636
204	T	1	0.0113636363636
206	A	3	0.0340909090909
207	G	6	0.0681818181818
207	T	3	0.0340909090909
210	C	3	0.0340909090909
210	G	5	0.0568181818182
213	A	2	0.0227272727273
213	C	1	0.0113636363636
219	A	1	0.0113636363636
221	A	1	0.0113636363636
222	T	1	0.0113636363636
223	G	3	0.0340909090909
225	C	1	0.0113636363636
227	T	1	0.0113636363636
229	G	4	0.0454545454545
230	G	1	0.0113636363636
232	C	1	0.0113636363636
233	G	1	0.0113636363636
233	T	27	0.306818181818
235	C	1	0.0113636363636
236	A	26	0.295454545455
237	T	1	0.0113636363636
239	T	1	0.0113636363636
240	T	1	0.0113636363636
242	A	1	0.0113636363636
242	T	2	0.0227272727273
243	T	1	0.0113636363636
244	C	1	0.0113636363636
245	C	4	0.0454545454545
245	G	4	0.0454545454545
246	T	6	0.0681818181818
247	T	26	0.295454545455
248	C	1	0.0113636363636
252	G	3	0.0340909090909
253	A	1	0.0113636363636
253	G	6	0.0681818181818
255	C	1	0.0113636363636
255	G	3	0.0340909090909
258	C	1	0.0113636363636
258	G	3	0.0340909090909
260	T	3	0.0340909090909
262	G	1	0.0113636363636
265	T	1	0.0113636363636
266	A	1	0.0113636363636
267	A	1	0.0113636363636
268	A	1	0.0113636363636
268	C	1	0.0113636363636
269	A	2	0.0227272727273
269	C	2	0.0227272727273
272	A	1	0.0113636363636
272	T	1	0.0113636363636
274	A	1	0.0113636363636
277	G	8	0.0909090909091
278	T	1	0.0113636363636
280	T	1	0.0113636363636
281	A	12	0.136363636364
281	C	25	0.284090909091
281	T	4	0.0454545454545
284	C	2	0.0227272727273
284	G	1	0.0113636363636
286	T	1	0.0113636363636
287	T	6	0.0681818181818
288	C	1	0.0113636363636
289	A	3	0.0340909090909
289	T	1	0.0113636363636
290	C	7	0.0795454545455
293	G	1	0.0113636363636
294	A	26	0.295454545455
295	G	1	0.0113636363636
