Position	Nucleotide	Multiplicity	Frequency
45	C	2	0.021978021978
47	C	4	0.043956043956
52	C	1	0.010989010989
53	C	2	0.021978021978
54	C	1	0.010989010989
56	A	1	0.010989010989
57	T	1	0.010989010989
65	T	1	0.010989010989
66	T	1	0.010989010989
67	A	14	0.153846153846
67	G	14	0.153846153846
67	T	13	0.142857142857
68	A	2	0.021978021978
70	C	1	0.010989010989
71	G	14	0.153846153846
72	C	2	0.021978021978
73	T	1	0.010989010989
74	A	2	0.021978021978
76	A	1	0.010989010989
77	C	19	0.208791208791
79	C	1	0.010989010989
79	G	1	0.010989010989
79	T	29	0.318681318681
81	G	2	0.021978021978
82	T	1	0.010989010989
83	T	2	0.021978021978
84	G	3	0.032967032967
88	C	17	0.186813186813
88	T	1	0.010989010989
89	T	32	0.351648351648
91	C	1	0.010989010989
92	C	2	0.021978021978
93	A	1	0.010989010989
95	C	3	0.032967032967
95	G	1	0.010989010989
96	A	6	0.0659340659341
97	C	14	0.153846153846
98	T	11	0.120879120879
99	A	29	0.318681318681
100	C	6	0.0659340659341
101	T	38	0.417582417582
103	T	1	0.010989010989
110	T	2	0.021978021978
111	C	1	0.010989010989
114	A	1	0.010989010989
116	C	1	0.010989010989
118	C	7	0.0769230769231
120	A	13	0.142857142857
120	T	1	0.010989010989
123	G	14	0.153846153846
125	G	1	0.010989010989
128	A	1	0.010989010989
129	C	1	0.010989010989
130	C	5	0.0549450549451
130	G	2	0.021978021978
131	A	1	0.010989010989
134	A	17	0.186813186813
135	A	1	0.010989010989
135	G	1	0.010989010989
138	C	1	0.010989010989
139	C	1	0.010989010989
140	A	1	0.010989010989
144	C	2	0.021978021978
145	C	1	0.010989010989
146	C	1	0.010989010989
148	C	9	0.0989010989011
149	A	1	0.010989010989
149	C	1	0.010989010989
150	C	1	0.010989010989
150	G	1	0.010989010989
150	T	1	0.010989010989
151	C	14	0.153846153846
152	C	1	0.010989010989
153	C	4	0.043956043956
153	G	16	0.175824175824
153	T	4	0.043956043956
155	G	4	0.043956043956
155	T	18	0.197802197802
157	T	3	0.032967032967
158	C	10	0.10989010989
159	T	43	0.472527472527
160	C	1	0.010989010989
160	T	6	0.0659340659341
161	A	2	0.021978021978
161	C	16	0.175824175824
161	G	12	0.131868131868
162	C	1	0.010989010989
162	G	14	0.153846153846
163	C	15	0.164835164835
165	T	15	0.164835164835
166	T	14	0.153846153846
168	G	18	0.197802197802
169	C	56	0.615384615385
169	T	1	0.010989010989
170	T	14	0.153846153846
173	G	31	0.340659340659
173	T	14	0.153846153846
174	C	17	0.186813186813
175	C	1	0.010989010989
176	A	1	0.010989010989
176	T	7	0.0769230769231
177	A	17	0.186813186813
178	G	1	0.010989010989
179	A	17	0.186813186813
181	C	11	0.120879120879
181	G	15	0.164835164835
182	G	1	0.010989010989
182	T	23	0.252747252747
183	A	2	0.021978021978
190	C	1	0.010989010989
193	C	16	0.175824175824
193	G	1	0.010989010989
194	C	2	0.021978021978
195	C	2	0.021978021978
197	C	17	0.186813186813
197	G	28	0.307692307692
200	C	1	0.010989010989
200	G	17	0.186813186813
201	A	4	0.043956043956
202	C	14	0.153846153846
203	T	8	0.0879120879121
205	G	17	0.186813186813
206	A	1	0.010989010989
208	C	12	0.131868131868
209	C	20	0.21978021978
210	C	1	0.010989010989
211	G	1	0.010989010989
211	T	2	0.021978021978
212	C	2	0.021978021978
212	T	10	0.10989010989
213	A	24	0.263736263736
213	C	3	0.032967032967
214	C	6	0.0659340659341
215	G	20	0.21978021978
215	T	15	0.164835164835
216	T	1	0.010989010989
217	C	1	0.010989010989
219	C	1	0.010989010989
220	A	1	0.010989010989
220	G	4	0.043956043956
220	T	1	0.010989010989
222	A	2	0.021978021978
222	C	12	0.131868131868
223	T	2	0.021978021978
224	A	1	0.010989010989
226	G	16	0.175824175824
227	C	1	0.010989010989
228	C	1	0.010989010989
229	C	2	0.021978021978
230	A	1	0.010989010989
230	T	1	0.010989010989
233	A	5	0.0549450549451
233	C	2	0.021978021978
234	C	9	0.0989010989011
234	G	1	0.010989010989
236	A	1	0.010989010989
237	C	2	0.021978021978
238	A	2	0.021978021978
240	A	1	0.010989010989
242	A	14	0.153846153846
243	C	1	0.010989010989
244	G	8	0.0879120879121
245	A	5	0.0549450549451
246	G	22	0.241758241758
246	T	2	0.021978021978
247	C	1	0.010989010989
249	C	13	0.142857142857
250	A	1	0.010989010989
250	C	32	0.351648351648
251	G	1	0.010989010989
251	T	38	0.417582417582
254	C	2	0.021978021978
256	G	2	0.021978021978
259	A	1	0.010989010989
264	C	11	0.120879120879
265	A	1	0.010989010989
266	G	1	0.010989010989
268	C	2	0.021978021978
269	A	1	0.010989010989
270	C	5	0.0549450549451
275	A	1	0.010989010989
276	A	2	0.021978021978
276	C	15	0.164835164835
278	A	22	0.241758241758
278	C	14	0.153846153846
278	T	4	0.043956043956
279	G	1	0.010989010989
283	G	1	0.010989010989
283	T	18	0.197802197802
284	T	26	0.285714285714
285	G	1	0.010989010989
287	G	3	0.032967032967
288	A	2	0.021978021978
289	G	1	0.010989010989
290	A	2	0.021978021978
