Position	Nucleotide	Multiplicity	Frequency
48	C	5	0.00514933058702
49	T	1	0.0010298661174
50	T	2	0.00205973223481
51	A	1	0.0010298661174
51	T	1	0.0010298661174
52	C	2	0.00205973223481
52	G	1	0.0010298661174
54	G	1	0.0010298661174
55	A	1	0.0010298661174
55	C	1	0.0010298661174
56	G	4	0.00411946446962
57	A	1	0.0010298661174
57	G	1	0.0010298661174
57	T	1	0.0010298661174
58	C	2	0.00205973223481
59	A	1	0.0010298661174
59	T	2	0.00205973223481
60	C	1	0.0010298661174
61	T	4	0.00411946446962
65	A	1	0.0010298661174
65	C	90	0.0926879505664
66	A	4	0.00411946446962
66	T	28	0.0288362512873
67	A	1	0.0010298661174
67	T	19	0.0195674562307
68	G	2	0.00205973223481
68	T	2	0.00205973223481
69	A	18	0.0185375901133
70	A	12	0.0123583934089
70	G	18	0.0185375901133
70	T	20	0.0205973223481
71	G	5	0.00514933058702
72	A	3	0.00308959835221
72	C	10	0.010298661174
73	T	1	0.0010298661174
74	A	4	0.00411946446962
74	C	5	0.00514933058702
75	A	1	0.0010298661174
75	C	1	0.0010298661174
75	T	1	0.0010298661174
76	A	69	0.0710607621009
76	C	1	0.0010298661174
77	C	15	0.0154479917611
77	G	25	0.0257466529351
77	T	1	0.0010298661174
78	A	6	0.00617919670443
78	C	6	0.00617919670443
78	G	32	0.032955715757
79	A	1	0.0010298661174
79	C	8	0.00823892893924
80	A	2	0.00205973223481
80	G	2	0.00205973223481
80	T	23	0.0236869207003
81	C	31	0.0319258496395
81	G	3	0.00308959835221
81	T	34	0.0350154479918
82	A	39	0.0401647785788
82	G	68	0.0700308959835
82	T	2	0.00205973223481
83	G	4	0.00411946446962
83	T	84	0.086508753862
84	A	1	0.0010298661174
84	C	22	0.0226570545829
84	G	3	0.00308959835221
85	A	1	0.0010298661174
85	C	5	0.00514933058702
86	C	18	0.0185375901133
86	G	15	0.0154479917611
87	C	13	0.0133882595263
87	G	144	0.148300720906
87	T	2	0.00205973223481
88	A	133	0.136972193615
88	C	76	0.0782698249228
88	T	1	0.0010298661174
89	A	1	0.0010298661174
89	G	85	0.0875386199794
89	T	117	0.120494335736
90	C	4	0.00411946446962
90	G	69	0.0710607621009
90	T	2	0.00205973223481
91	A	348	0.358393408857
91	C	55	0.0566426364573
91	T	26	0.0267765190525
92	A	32	0.032955715757
92	G	50	0.0514933058702
92	T	93	0.0957775489186
93	A	8	0.00823892893924
93	C	82	0.0844490216272
93	G	3	0.00308959835221
94	C	5	0.00514933058702
94	G	3	0.00308959835221
94	T	299	0.307929969104
95	C	7	0.00720906282183
96	A	40	0.0411946446962
96	C	3	0.00308959835221
96	T	2	0.00205973223481
97	A	3	0.00308959835221
97	G	51	0.0525231719876
97	T	93	0.0957775489186
98	A	2	0.00205973223481
98	G	1	0.0010298661174
98	T	2	0.00205973223481
99	C	38	0.0391349124614
99	G	5	0.00514933058702
99	T	18	0.0185375901133
100	C	1	0.0010298661174
100	G	1	0.0010298661174
101	A	20	0.0205973223481
101	C	1	0.0010298661174
101	T	1	0.0010298661174
102	C	180	0.185375901133
102	G	28	0.0288362512873
102	T	5	0.00514933058702
103	A	222	0.228630278064
103	C	126	0.129763130793
104	G	1	0.0010298661174
104	T	315	0.324407826982
105	A	1	0.0010298661174
105	C	11	0.0113285272915
106	A	1	0.0010298661174
106	T	1	0.0010298661174
107	A	2	0.00205973223481
108	A	35	0.0360453141092
108	C	13	0.0133882595263
108	T	1	0.0010298661174
109	A	1	0.0010298661174
109	C	7	0.00720906282183
109	G	1	0.0010298661174
110	A	12	0.0123583934089
110	G	1	0.0010298661174
110	T	2	0.00205973223481
111	A	2	0.00205973223481
111	T	2	0.00205973223481
112	A	1	0.0010298661174
112	C	1	0.0010298661174
112	T	2	0.00205973223481
113	A	1	0.0010298661174
113	T	23	0.0236869207003
114	A	2	0.00205973223481
114	T	1	0.0010298661174
115	C	5	0.00514933058702
115	G	3	0.00308959835221
115	T	1	0.0010298661174
116	A	6	0.00617919670443
116	C	1	0.0010298661174
116	T	1	0.0010298661174
117	A	31	0.0319258496395
117	C	29	0.0298661174047
118	T	6	0.00617919670443
119	A	1	0.0010298661174
119	C	9	0.00926879505664
120	G	32	0.032955715757
120	T	4	0.00411946446962
121	A	2	0.00205973223481
121	T	2	0.00205973223481
122	G	5	0.00514933058702
122	T	11	0.0113285272915
123	A	21	0.0216271884655
125	A	22	0.0226570545829
125	C	6	0.00617919670443
125	T	30	0.0308959835221
126	C	4	0.00411946446962
126	G	7	0.00720906282183
127	C	3	0.00308959835221
127	G	92	0.0947476828012
128	A	2	0.00205973223481
129	A	2	0.00205973223481
129	T	1	0.0010298661174
131	A	17	0.0175077239959
131	C	27	0.0278063851699
131	T	17	0.0175077239959
132	A	1	0.0010298661174
132	G	1	0.0010298661174
132	T	4	0.00411946446962
133	C	28	0.0288362512873
133	G	1	0.0010298661174
134	A	3	0.00308959835221
135	A	3	0.00308959835221
135	C	4	0.00411946446962
136	C	4	0.00411946446962
136	G	4	0.00411946446962
137	A	43	0.0442842430484
137	C	1	0.0010298661174
137	T	5	0.00514933058702
138	C	2	0.00205973223481
139	T	2	0.00205973223481
140	A	2	0.00205973223481
140	T	1	0.0010298661174
141	A	44	0.0453141091658
141	C	172	0.177136972194
142	A	1	0.0010298661174
142	C	7	0.00720906282183
142	G	34	0.0350154479918
143	A	1	0.0010298661174
143	G	4	0.00411946446962
143	T	4	0.00411946446962
144	A	1	0.0010298661174
144	C	5	0.00514933058702
144	G	19	0.0195674562307
145	A	1	0.0010298661174
145	T	4	0.00411946446962
146	C	8	0.00823892893924
146	G	38	0.0391349124614
146	T	1	0.0010298661174
147	A	166	0.170957775489
147	C	23	0.0236869207003
147	T	89	0.091658084449
148	A	8	0.00823892893924
148	G	184	0.189495365602
148	T	244	0.251287332647
149	A	62	0.0638516992791
149	C	88	0.0906282183316
149	G	35	0.0360453141092
150	C	58	0.0597322348095
150	G	2	0.00205973223481
151	A	1	0.0010298661174
151	C	5	0.00514933058702
151	G	2	0.00205973223481
152	A	71	0.0731204943357
152	C	99	0.101956745623
153	A	127	0.13079299691
153	C	6	0.00617919670443
153	G	15	0.0154479917611
153	T	1	0.0010298661174
154	A	15	0.0154479917611
154	C	78	0.0803295571576
154	G	67	0.0690010298661
154	T	71	0.0731204943357
155	A	45	0.0463439752832
155	C	19	0.0195674562307
155	G	1	0.0010298661174
156	A	100	0.10298661174
156	C	2	0.00205973223481
156	G	126	0.129763130793
156	T	100	0.10298661174
157	A	53	0.0545829042225
157	C	284	0.292481977343
157	T	27	0.0278063851699
158	A	41	0.0422245108136
158	C	35	0.0360453141092
158	G	53	0.0545829042225
158	T	108	0.11122554068
159	C	70	0.0720906282183
159	G	168	0.173017507724
159	T	16	0.0164778578785
160	A	86	0.0885684860968
160	C	88	0.0906282183316
160	T	23	0.0236869207003
161	A	9	0.00926879505664
161	C	21	0.0216271884655
161	G	32	0.032955715757
162	A	1	0.0010298661174
162	C	1	0.0010298661174
162	T	4	0.00411946446962
163	C	137	0.141091658084
163	T	1	0.0010298661174
164	A	38	0.0391349124614
164	C	61	0.0628218331617
164	G	3	0.00308959835221
165	A	28	0.0288362512873
165	C	53	0.0545829042225
165	G	89	0.091658084449
165	T	42	0.043254376931
166	A	248	0.255406797116
166	C	101	0.104016477858
166	T	130	0.133882595263
167	A	31	0.0319258496395
167	C	58	0.0597322348095
167	G	36	0.0370751802266
168	C	6	0.00617919670443
168	G	131	0.13491246138
168	T	2	0.00205973223481
169	A	233	0.239958805355
169	C	50	0.0514933058702
169	T	10	0.010298661174
170	A	92	0.0947476828012
170	G	9	0.00926879505664
170	T	144	0.148300720906
171	C	4	0.00411946446962
171	G	46	0.0473738414006
171	T	5	0.00514933058702
172	A	6	0.00617919670443
172	G	71	0.0731204943357
172	T	37	0.038105046344
173	C	14	0.0144181256437
173	G	15	0.0154479917611
173	T	16	0.0164778578785
174	A	17	0.0175077239959
174	C	103	0.106076210093
174	G	105	0.108135942327
175	C	67	0.0690010298661
175	G	51	0.0525231719876
175	T	63	0.0648815653965
176	A	2	0.00205973223481
176	G	15	0.0154479917611
176	T	123	0.126673532441
177	A	73	0.0751802265705
177	C	87	0.0895983522142
177	G	3	0.00308959835221
178	C	2	0.00205973223481
178	G	60	0.0617919670443
178	T	21	0.0216271884655
179	A	1	0.0010298661174
179	C	101	0.104016477858
179	G	21	0.0216271884655
179	T	25	0.0257466529351
180	A	41	0.0422245108136
180	C	4	0.00411946446962
180	T	3	0.00308959835221
181	G	1	0.0010298661174
181	T	6	0.00617919670443
182	C	16	0.0164778578785
182	G	10	0.010298661174
182	T	2	0.00205973223481
183	A	10	0.010298661174
183	T	1	0.0010298661174
184	C	27	0.0278063851699
184	G	27	0.0278063851699
185	A	1	0.0010298661174
185	G	24	0.0247167868177
185	T	164	0.168898043254
186	A	7	0.00720906282183
186	C	20	0.0205973223481
186	G	16	0.0164778578785
187	A	3	0.00308959835221
187	T	3	0.00308959835221
188	A	5	0.00514933058702
188	T	15	0.0154479917611
189	A	3	0.00308959835221
189	C	5	0.00514933058702
189	T	3	0.00308959835221
190	C	3	0.00308959835221
190	G	5	0.00514933058702
191	A	3	0.00308959835221
191	T	2	0.00205973223481
192	C	8	0.00823892893924
192	G	6	0.00617919670443
193	C	14	0.0144181256437
193	G	63	0.0648815653965
194	C	9	0.00926879505664
195	A	1	0.0010298661174
195	T	1	0.0010298661174
196	A	2	0.00205973223481
196	C	3	0.00308959835221
196	T	2	0.00205973223481
197	A	1	0.0010298661174
197	G	1	0.0010298661174
198	G	1	0.0010298661174
198	T	2	0.00205973223481
199	A	4	0.00411946446962
199	T	1	0.0010298661174
200	A	28	0.0288362512873
200	C	107	0.110195674562
200	T	2	0.00205973223481
201	C	20	0.0205973223481
201	G	17	0.0175077239959
202	A	1	0.0010298661174
202	C	8	0.00823892893924
203	A	5	0.00514933058702
203	T	4	0.00411946446962
204	C	3	0.00308959835221
204	G	12	0.0123583934089
204	T	4	0.00411946446962
205	A	2	0.00205973223481
205	G	39	0.0401647785788
205	T	22	0.0226570545829
206	A	20	0.0205973223481
206	T	24	0.0247167868177
207	C	11	0.0113285272915
207	G	74	0.076210092688
207	T	4	0.00411946446962
208	A	1	0.0010298661174
208	C	3	0.00308959835221
208	G	6	0.00617919670443
209	A	26	0.0267765190525
209	G	11	0.0113285272915
209	T	10	0.010298661174
210	A	164	0.168898043254
210	C	7	0.00720906282183
210	G	7	0.00720906282183
211	G	6	0.00617919670443
211	T	6	0.00617919670443
212	A	1	0.0010298661174
212	C	2	0.00205973223481
212	G	3	0.00308959835221
212	T	6	0.00617919670443
213	C	4	0.00411946446962
213	G	3	0.00308959835221
214	A	5	0.00514933058702
214	T	3	0.00308959835221
215	C	11	0.0113285272915
215	G	16	0.0164778578785
215	T	1	0.0010298661174
216	A	4	0.00411946446962
216	C	1	0.0010298661174
216	T	5	0.00514933058702
217	C	3	0.00308959835221
217	G	12	0.0123583934089
218	A	5	0.00514933058702
218	C	114	0.117404737384
218	G	5	0.00514933058702
219	C	3	0.00308959835221
219	G	5	0.00514933058702
220	C	4	0.00411946446962
220	G	22	0.0226570545829
220	T	17	0.0175077239959
221	A	36	0.0370751802266
221	C	98	0.100926879506
221	G	1	0.0010298661174
222	A	2	0.00205973223481
222	C	3	0.00308959835221
222	G	23	0.0236869207003
223	A	1	0.0010298661174
223	G	1	0.0010298661174
223	T	1	0.0010298661174
224	G	11	0.0113285272915
224	T	2	0.00205973223481
225	C	45	0.0463439752832
225	G	54	0.0556127703399
226	C	1	0.0010298661174
226	G	95	0.0978372811535
226	T	1	0.0010298661174
227	A	1	0.0010298661174
227	C	2	0.00205973223481
228	C	6	0.00617919670443
228	G	43	0.0442842430484
228	T	1	0.0010298661174
229	C	43	0.0442842430484
229	G	68	0.0700308959835
229	T	1	0.0010298661174
230	A	19	0.0195674562307
230	G	3	0.00308959835221
230	T	34	0.0350154479918
231	C	7	0.00720906282183
231	G	5	0.00514933058702
231	T	2	0.00205973223481
232	A	11	0.0113285272915
232	G	1	0.0010298661174
232	T	125	0.128733264676
233	A	204	0.210092687951
233	C	71	0.0731204943357
233	T	54	0.0556127703399
234	A	1	0.0010298661174
234	G	61	0.0628218331617
234	T	76	0.0782698249228
235	A	1	0.0010298661174
235	C	30	0.0308959835221
235	G	11	0.0113285272915
236	A	34	0.0350154479918
236	C	42	0.043254376931
236	T	139	0.143151390319
237	A	3	0.00308959835221
237	C	4	0.00411946446962
237	G	3	0.00308959835221
238	C	33	0.0339855818744
238	T	128	0.131822863028
239	A	1	0.0010298661174
239	C	4	0.00411946446962
239	G	5	0.00514933058702
240	A	1	0.0010298661174
240	G	21	0.0216271884655
240	T	92	0.0947476828012
241	C	26	0.0267765190525
241	G	2	0.00205973223481
242	A	42	0.043254376931
242	C	57	0.0587023686921
242	T	14	0.0144181256437
243	A	8	0.00823892893924
243	G	13	0.0133882595263
243	T	1	0.0010298661174
244	G	71	0.0731204943357
244	T	2	0.00205973223481
245	C	11	0.0113285272915
245	G	150	0.154479917611
245	T	1	0.0010298661174
246	C	13	0.0133882595263
246	G	11	0.0113285272915
246	T	4	0.00411946446962
247	C	3	0.00308959835221
247	G	3	0.00308959835221
248	A	2	0.00205973223481
248	C	3	0.00308959835221
249	C	47	0.048403707518
249	G	63	0.0648815653965
249	T	17	0.0175077239959
250	C	18	0.0185375901133
250	G	77	0.0792996910402
251	A	6	0.00617919670443
251	G	1	0.0010298661174
251	T	15	0.0154479917611
252	C	3	0.00308959835221
252	G	91	0.0937178166838
253	A	36	0.0370751802266
253	C	30	0.0308959835221
253	T	3	0.00308959835221
254	A	167	0.171987641607
254	G	11	0.0113285272915
254	T	28	0.0288362512873
255	A	2	0.00205973223481
255	G	26	0.0267765190525
255	T	5	0.00514933058702
256	C	10	0.010298661174
256	G	6	0.00617919670443
257	A	78	0.0803295571576
257	C	5	0.00514933058702
257	T	4	0.00411946446962
258	C	9	0.00926879505664
258	G	19	0.0195674562307
258	T	1	0.0010298661174
259	C	41	0.0422245108136
259	T	3	0.00308959835221
260	C	8	0.00823892893924
260	G	36	0.0370751802266
261	A	74	0.076210092688
261	C	49	0.0504634397528
261	T	1	0.0010298661174
262	A	3	0.00308959835221
262	G	52	0.053553038105
262	T	135	0.13903192585
263	A	4	0.00411946446962
263	T	4	0.00411946446962
264	A	5	0.00514933058702
264	C	1	0.0010298661174
264	T	2	0.00205973223481
265	G	9	0.00926879505664
266	A	43	0.0442842430484
266	C	68	0.0700308959835
266	T	3	0.00308959835221
267	T	2	0.00205973223481
268	C	2	0.00205973223481
268	G	2	0.00205973223481
269	A	9	0.00926879505664
270	C	4	0.00411946446962
270	G	12	0.0123583934089
270	T	2	0.00205973223481
271	A	2	0.00205973223481
271	T	1	0.0010298661174
272	A	3	0.00308959835221
272	T	2	0.00205973223481
273	A	3	0.00308959835221
273	T	3	0.00308959835221
274	A	3	0.00308959835221
275	A	6	0.00617919670443
275	T	5	0.00514933058702
276	A	111	0.114315139032
276	C	66	0.0679711637487
276	T	12	0.0123583934089
277	A	2	0.00205973223481
277	C	2	0.00205973223481
277	G	2	0.00205973223481
278	C	56	0.0576725025747
278	G	178	0.183316168898
278	T	112	0.115345005149
279	A	2	0.00205973223481
280	T	1	0.0010298661174
281	A	4	0.00411946446962
281	C	12	0.0123583934089
282	A	1	0.0010298661174
282	C	3	0.00308959835221
283	C	1	0.0010298661174
283	G	1	0.0010298661174
283	T	84	0.086508753862
284	A	8	0.00823892893924
284	G	1	0.0010298661174
284	T	289	0.29763130793
285	C	3	0.00308959835221
285	G	2	0.00205973223481
286	T	4	0.00411946446962
287	C	23	0.0236869207003
287	G	3	0.00308959835221
288	A	8	0.00823892893924
288	T	6	0.00617919670443
289	A	2	0.00205973223481
289	G	1	0.0010298661174
289	T	97	0.0998970133883
290	A	60	0.0617919670443
290	C	21	0.0216271884655
290	T	21	0.0216271884655
