Position	Nucleotide	Multiplicity	Frequency
48	C	1	0.00136612021858
49	T	1	0.00136612021858
50	A	1	0.00136612021858
50	T	4	0.00546448087432
51	T	1	0.00136612021858
53	A	1	0.00136612021858
53	G	432	0.590163934426
54	G	1	0.00136612021858
55	A	2	0.00273224043716
55	C	1	0.00136612021858
56	C	1	0.00136612021858
56	G	1	0.00136612021858
57	A	1	0.00136612021858
57	T	2	0.00273224043716
58	C	1	0.00136612021858
59	T	1	0.00136612021858
60	C	1	0.00136612021858
62	T	3	0.00409836065574
63	C	1	0.00136612021858
63	G	1	0.00136612021858
64	A	2	0.00273224043716
65	C	19	0.025956284153
65	G	2	0.00273224043716
66	A	28	0.0382513661202
66	C	3	0.00409836065574
67	T	14	0.0191256830601
68	G	3	0.00409836065574
69	C	2	0.00273224043716
70	G	8	0.0109289617486
70	T	20	0.0273224043716
71	A	8	0.0109289617486
71	T	2	0.00273224043716
72	C	6	0.00819672131148
73	A	1	0.00136612021858
74	A	14	0.0191256830601
74	C	3	0.00409836065574
75	C	1	0.00136612021858
75	T	1	0.00136612021858
76	A	1	0.00136612021858
77	A	21	0.0286885245902
77	C	13	0.0177595628415
78	A	3	0.00409836065574
78	C	2	0.00273224043716
78	G	3	0.00409836065574
79	C	4	0.00546448087432
81	C	1	0.00136612021858
81	G	4	0.00546448087432
82	G	17	0.0232240437158
82	T	1	0.00136612021858
83	C	29	0.0396174863388
84	A	1	0.00136612021858
84	C	3	0.00409836065574
84	G	20	0.0273224043716
85	C	5	0.0068306010929
86	T	29	0.0396174863388
87	G	2	0.00273224043716
87	T	7	0.00956284153005
88	A	7	0.00956284153005
88	C	20	0.0273224043716
88	T	14	0.0191256830601
90	G	29	0.0396174863388
90	T	1	0.00136612021858
91	C	44	0.0601092896175
91	G	4	0.00546448087432
92	A	1	0.00136612021858
92	T	52	0.0710382513661
93	A	5	0.0068306010929
94	T	20	0.0273224043716
95	A	1	0.00136612021858
96	A	1	0.00136612021858
96	C	1	0.00136612021858
97	A	3	0.00409836065574
98	A	1	0.00136612021858
98	T	1	0.00136612021858
99	G	1	0.00136612021858
100	C	1	0.00136612021858
100	G	1	0.00136612021858
101	A	1	0.00136612021858
102	C	20	0.0273224043716
102	G	4	0.00546448087432
103	A	557	0.760928961749
103	C	72	0.0983606557377
103	T	8	0.0109289617486
104	A	1	0.00136612021858
104	T	15	0.0204918032787
105	C	7	0.00956284153005
106	A	2	0.00273224043716
107	A	2	0.00273224043716
107	C	3	0.00409836065574
109	A	1	0.00136612021858
109	C	4	0.00546448087432
110	A	1	0.00136612021858
110	T	2	0.00273224043716
111	A	1	0.00136612021858
111	T	1	0.00136612021858
112	A	3	0.00409836065574
112	T	1	0.00136612021858
113	G	1	0.00136612021858
113	T	1	0.00136612021858
114	A	1	0.00136612021858
114	G	1	0.00136612021858
114	T	2	0.00273224043716
115	C	4	0.00546448087432
115	G	4	0.00546448087432
116	A	48	0.0655737704918
117	A	44	0.0601092896175
117	C	2	0.00273224043716
118	T	39	0.0532786885246
119	C	16	0.0218579234973
119	G	1	0.00136612021858
120	G	23	0.0314207650273
120	T	1	0.00136612021858
121	A	4	0.00546448087432
122	C	4	0.00546448087432
122	G	4	0.00546448087432
122	T	21	0.0286885245902
123	A	1	0.00136612021858
124	C	2	0.00273224043716
125	A	8	0.0109289617486
126	C	3	0.00409836065574
126	G	5	0.0068306010929
127	C	3	0.00409836065574
127	G	18	0.0245901639344
127	T	1	0.00136612021858
129	A	45	0.0614754098361
129	C	16	0.0218579234973
130	A	6	0.00819672131148
131	A	16	0.0218579234973
132	A	4	0.00546448087432
132	G	1	0.00136612021858
133	A	1	0.00136612021858
133	C	18	0.0245901639344
134	A	1	0.00136612021858
135	A	1	0.00136612021858
136	C	2	0.00273224043716
136	G	5	0.0068306010929
137	A	45	0.0614754098361
138	C	3	0.00409836065574
138	G	1	0.00136612021858
139	A	1	0.00136612021858
139	T	2	0.00273224043716
140	A	1	0.00136612021858
140	T	1	0.00136612021858
141	A	19	0.025956284153
141	C	1	0.00136612021858
141	T	1	0.00136612021858
142	C	2	0.00273224043716
142	G	2	0.00273224043716
143	G	1	0.00136612021858
143	T	22	0.0300546448087
144	A	3	0.00409836065574
144	T	1	0.00136612021858
145	A	1	0.00136612021858
145	T	3	0.00409836065574
146	A	3	0.00409836065574
146	T	2	0.00273224043716
147	A	4	0.00546448087432
147	G	2	0.00273224043716
147	T	3	0.00409836065574
148	A	2	0.00273224043716
149	C	4	0.00546448087432
149	G	62	0.0846994535519
150	C	5	0.0068306010929
150	G	22	0.0300546448087
150	T	1	0.00136612021858
151	A	2	0.00273224043716
151	C	1	0.00136612021858
151	G	2	0.00273224043716
152	A	1	0.00136612021858
152	C	6	0.00819672131148
152	G	1	0.00136612021858
153	C	2	0.00273224043716
153	T	1	0.00136612021858
154	C	6	0.00819672131148
154	G	2	0.00273224043716
154	T	1	0.00136612021858
155	C	2	0.00273224043716
155	G	580	0.792349726776
155	T	1	0.00136612021858
156	C	2	0.00273224043716
156	G	17	0.0232240437158
157	C	20	0.0273224043716
158	A	1	0.00136612021858
158	T	69	0.094262295082
159	C	1	0.00136612021858
159	G	2	0.00273224043716
159	T	2	0.00273224043716
160	G	85	0.116120218579
161	C	2	0.00273224043716
161	G	1	0.00136612021858
162	C	2	0.00273224043716
162	G	42	0.0573770491803
162	T	20	0.0273224043716
163	A	2	0.00273224043716
163	G	60	0.0819672131148
163	T	1	0.00136612021858
164	C	3	0.00409836065574
164	G	3	0.00409836065574
165	A	3	0.00409836065574
166	C	5	0.0068306010929
166	G	3	0.00409836065574
166	T	2	0.00273224043716
167	C	2	0.00273224043716
167	G	2	0.00273224043716
168	A	3	0.00409836065574
168	T	2	0.00273224043716
169	A	3	0.00409836065574
169	T	2	0.00273224043716
170	A	1	0.00136612021858
170	C	4	0.00546448087432
171	A	2	0.00273224043716
171	C	1	0.00136612021858
171	T	3	0.00409836065574
172	A	3	0.00409836065574
172	T	1	0.00136612021858
173	A	8	0.0109289617486
174	G	593	0.810109289617
174	T	4	0.00546448087432
175	A	1	0.00136612021858
175	T	8	0.0109289617486
176	C	2	0.00273224043716
176	G	9	0.0122950819672
176	T	602	0.822404371585
177	C	1	0.00136612021858
177	G	624	0.852459016393
178	A	1	0.00136612021858
178	T	22	0.0300546448087
179	C	5	0.0068306010929
179	G	11	0.0150273224044
179	T	1	0.00136612021858
180	A	1	0.00136612021858
180	T	2	0.00273224043716
181	C	3	0.00409836065574
181	G	3	0.00409836065574
182	A	62	0.0846994535519
182	G	14	0.0191256830601
182	T	1	0.00136612021858
184	G	1	0.00136612021858
184	T	8	0.0109289617486
185	A	1	0.00136612021858
185	T	61	0.0833333333333
186	A	4	0.00546448087432
187	G	1	0.00136612021858
187	T	4	0.00546448087432
188	C	23	0.0314207650273
188	G	1	0.00136612021858
189	A	14	0.0191256830601
189	C	1	0.00136612021858
189	T	1	0.00136612021858
190	A	4	0.00546448087432
191	C	5	0.0068306010929
191	G	3	0.00409836065574
191	T	1	0.00136612021858
192	A	2	0.00273224043716
193	A	3	0.00409836065574
193	T	4	0.00546448087432
194	A	1	0.00136612021858
194	T	1	0.00136612021858
195	A	2	0.00273224043716
195	T	22	0.0300546448087
196	A	1	0.00136612021858
196	C	5	0.0068306010929
196	G	8	0.0109289617486
197	C	40	0.0546448087432
197	T	3	0.00409836065574
198	C	53	0.0724043715847
198	G	15	0.0204918032787
199	C	5	0.0068306010929
199	G	5	0.0068306010929
200	C	1	0.00136612021858
200	G	582	0.795081967213
201	A	2	0.00273224043716
201	C	3	0.00409836065574
201	T	2	0.00273224043716
202	A	2	0.00273224043716
202	C	1	0.00136612021858
202	T	2	0.00273224043716
203	A	1	0.00136612021858
203	T	2	0.00273224043716
204	C	1	0.00136612021858
204	G	6	0.00819672131148
205	A	2	0.00273224043716
205	T	1	0.00136612021858
206	C	4	0.00546448087432
206	G	1	0.00136612021858
206	T	1	0.00136612021858
207	A	1	0.00136612021858
207	C	2	0.00273224043716
208	A	1	0.00136612021858
208	C	2	0.00273224043716
208	G	1	0.00136612021858
209	A	5	0.0068306010929
209	T	3	0.00409836065574
210	C	4	0.00546448087432
210	G	4	0.00546448087432
211	A	1	0.00136612021858
211	G	21	0.0286885245902
211	T	17	0.0232240437158
212	A	1	0.00136612021858
212	G	7	0.00956284153005
212	T	1	0.00136612021858
213	C	3	0.00409836065574
213	G	2	0.00273224043716
213	T	1	0.00136612021858
214	A	1	0.00136612021858
214	C	3	0.00409836065574
215	G	7	0.00956284153005
215	T	2	0.00273224043716
216	A	3	0.00409836065574
216	C	7	0.00956284153005
216	G	4	0.00546448087432
217	A	3	0.00409836065574
217	T	2	0.00273224043716
218	C	1	0.00136612021858
218	G	3	0.00409836065574
219	C	4	0.00546448087432
219	G	2	0.00273224043716
219	T	2	0.00273224043716
220	A	2	0.00273224043716
220	C	1	0.00136612021858
220	T	1	0.00136612021858
221	C	12	0.016393442623
221	G	5	0.0068306010929
222	A	1	0.00136612021858
222	C	1	0.00136612021858
223	C	1	0.00136612021858
223	G	3	0.00409836065574
223	T	1	0.00136612021858
224	A	1	0.00136612021858
224	C	1	0.00136612021858
224	G	2	0.00273224043716
225	A	3	0.00409836065574
225	C	1	0.00136612021858
225	T	1	0.00136612021858
226	C	1	0.00136612021858
226	G	2	0.00273224043716
227	A	13	0.0177595628415
227	C	22	0.0300546448087
228	A	1	0.00136612021858
229	A	2	0.00273224043716
230	C	1	0.00136612021858
230	G	2	0.00273224043716
231	C	1	0.00136612021858
231	G	1	0.00136612021858
232	C	3	0.00409836065574
232	G	10	0.0136612021858
233	C	1	0.00136612021858
233	G	26	0.0355191256831
233	T	11	0.0150273224044
234	C	2	0.00273224043716
234	T	1	0.00136612021858
235	C	6	0.00819672131148
235	G	3	0.00409836065574
235	T	1	0.00136612021858
236	A	3	0.00409836065574
236	T	9	0.0122950819672
237	C	1	0.00136612021858
237	G	1	0.00136612021858
238	A	3	0.00409836065574
238	T	15	0.0204918032787
239	A	2	0.00273224043716
239	C	17	0.0232240437158
239	T	4	0.00546448087432
240	A	1	0.00136612021858
240	T	3	0.00409836065574
241	A	1	0.00136612021858
241	C	4	0.00546448087432
241	G	3	0.00409836065574
242	A	15	0.0204918032787
242	T	22	0.0300546448087
243	A	1	0.00136612021858
243	C	2	0.00273224043716
243	G	1	0.00136612021858
244	C	1	0.00136612021858
244	G	1	0.00136612021858
244	T	9	0.0122950819672
245	A	7	0.00956284153005
245	C	11	0.0150273224044
245	G	3	0.00409836065574
246	T	20	0.0273224043716
247	A	1	0.00136612021858
247	C	5	0.0068306010929
247	G	1	0.00136612021858
248	A	1	0.00136612021858
248	C	1	0.00136612021858
249	A	2	0.00273224043716
249	G	19	0.025956284153
249	T	9	0.0122950819672
251	C	1	0.00136612021858
251	G	3	0.00409836065574
251	T	1	0.00136612021858
252	C	2	0.00273224043716
252	G	1	0.00136612021858
253	C	2	0.00273224043716
253	G	2	0.00273224043716
254	A	1	0.00136612021858
254	T	4	0.00546448087432
255	C	1	0.00136612021858
255	G	7	0.00956284153005
256	C	2	0.00273224043716
256	G	22	0.0300546448087
257	A	4	0.00546448087432
257	T	1	0.00136612021858
258	C	61	0.0833333333333
258	T	1	0.00136612021858
259	A	4	0.00546448087432
259	C	19	0.025956284153
259	T	1	0.00136612021858
260	A	8	0.0109289617486
260	T	7	0.00956284153005
261	A	2	0.00273224043716
261	G	1	0.00136612021858
261	T	2	0.00273224043716
262	C	2	0.00273224043716
262	G	1	0.00136612021858
263	A	2	0.00273224043716
264	G	1	0.00136612021858
265	C	9	0.0122950819672
266	C	1	0.00136612021858
266	G	3	0.00409836065574
267	C	3	0.00409836065574
267	G	14	0.0191256830601
267	T	15	0.0204918032787
268	A	14	0.0191256830601
268	T	45	0.0614754098361
269	T	2	0.00273224043716
270	A	3	0.00409836065574
270	T	1	0.00136612021858
271	G	2	0.00273224043716
272	A	3	0.00409836065574
272	C	30	0.0409836065574
272	T	1	0.00136612021858
273	A	1	0.00136612021858
273	T	2	0.00273224043716
274	G	4	0.00546448087432
275	A	3	0.00409836065574
275	T	1	0.00136612021858
276	C	2	0.00273224043716
276	G	5	0.0068306010929
276	T	2	0.00273224043716
277	A	4	0.00546448087432
277	T	1	0.00136612021858
278	G	3	0.00409836065574
279	A	4	0.00546448087432
279	T	2	0.00273224043716
280	A	2	0.00273224043716
280	T	1	0.00136612021858
281	G	1	0.00136612021858
281	T	1	0.00136612021858
282	A	31	0.042349726776
282	C	13	0.0177595628415
282	T	1	0.00136612021858
283	C	3	0.00409836065574
284	A	59	0.0806010928962
284	C	22	0.0300546448087
284	T	2	0.00273224043716
285	C	3	0.00409836065574
287	G	1	0.00136612021858
288	C	2	0.00273224043716
288	G	2	0.00273224043716
289	C	2	0.00273224043716
289	G	1	0.00136612021858
289	T	593	0.810109289617
290	T	20	0.0273224043716
291	C	3	0.00409836065574
292	A	3	0.00409836065574
293	A	3	0.00409836065574
293	C	9	0.0122950819672
293	G	1	0.00136612021858
294	G	15	0.0204918032787
294	T	20	0.0273224043716
295	G	2	0.00273224043716
295	T	1	0.00136612021858
296	A	2	0.00273224043716
296	T	3	0.00409836065574
