Position	Nucleotide	Multiplicity	Frequency
50	A	18	0.0841121495327
54	C	6	0.0280373831776
54	G	1	0.00467289719626
55	C	1	0.00467289719626
55	G	1	0.00467289719626
56	A	1	0.00467289719626
57	C	1	0.00467289719626
59	T	2	0.00934579439252
60	C	2	0.00934579439252
61	T	1	0.00467289719626
62	T	1	0.00467289719626
67	G	3	0.0140186915888
69	A	1	0.00467289719626
70	A	1	0.00467289719626
70	G	1	0.00467289719626
71	A	17	0.0794392523364
71	C	8	0.0373831775701
73	T	1	0.00467289719626
74	C	6	0.0280373831776
75	T	1	0.00467289719626
76	T	2	0.00934579439252
77	C	6	0.0280373831776
77	G	15	0.0700934579439
77	T	2	0.00934579439252
78	A	1	0.00467289719626
78	T	3	0.0140186915888
79	A	8	0.0373831775701
79	T	1	0.00467289719626
80	T	2	0.00934579439252
81	C	1	0.00467289719626
81	G	2	0.00934579439252
81	T	3	0.0140186915888
82	A	9	0.0420560747664
82	T	2	0.00934579439252
83	A	10	0.0467289719626
84	C	1	0.00467289719626
86	T	1	0.00467289719626
87	C	9	0.0420560747664
87	G	5	0.0233644859813
88	A	32	0.14953271028
88	C	6	0.0280373831776
88	T	3	0.0140186915888
89	A	1	0.00467289719626
89	G	32	0.14953271028
89	T	6	0.0280373831776
90	G	6	0.0280373831776
91	A	39	0.182242990654
91	C	18	0.0841121495327
91	T	17	0.0794392523364
92	A	5	0.0233644859813
92	G	3	0.0140186915888
92	T	23	0.107476635514
93	A	3	0.0140186915888
93	C	2	0.00934579439252
94	T	32	0.14953271028
95	C	8	0.0373831775701
96	A	46	0.214953271028
96	C	4	0.018691588785
96	T	18	0.0841121495327
97	G	23	0.107476635514
97	T	7	0.0327102803738
98	C	1	0.00467289719626
98	G	3	0.0140186915888
99	C	17	0.0794392523364
99	G	49	0.228971962617
100	C	1	0.00467289719626
101	G	7	0.0327102803738
101	T	2	0.00934579439252
102	C	2	0.00934579439252
102	G	2	0.00934579439252
102	T	1	0.00467289719626
103	A	19	0.088785046729
103	C	49	0.228971962617
103	T	1	0.00467289719626
104	T	22	0.102803738318
106	T	1	0.00467289719626
107	T	1	0.00467289719626
108	T	1	0.00467289719626
110	A	2	0.00934579439252
110	C	3	0.0140186915888
110	T	1	0.00467289719626
111	T	2	0.00934579439252
112	T	1	0.00467289719626
113	C	1	0.00467289719626
113	G	19	0.088785046729
113	T	3	0.0140186915888
114	G	3	0.0140186915888
114	T	2	0.00934579439252
115	T	4	0.018691588785
116	C	1	0.00467289719626
116	T	4	0.018691588785
117	A	1	0.00467289719626
117	C	3	0.0140186915888
117	T	2	0.00934579439252
118	A	1	0.00467289719626
118	T	1	0.00467289719626
119	A	2	0.00934579439252
119	T	1	0.00467289719626
120	A	1	0.00467289719626
121	T	1	0.00467289719626
122	C	6	0.0280373831776
122	G	7	0.0327102803738
123	A	2	0.00934579439252
125	G	1	0.00467289719626
126	G	7	0.0327102803738
127	G	7	0.0327102803738
128	C	2	0.00934579439252
128	G	5	0.0233644859813
130	C	1	0.00467289719626
131	A	14	0.0654205607477
131	C	21	0.0981308411215
132	G	1	0.00467289719626
132	T	2	0.00934579439252
133	A	1	0.00467289719626
133	C	4	0.018691588785
133	G	1	0.00467289719626
134	A	1	0.00467289719626
134	C	1	0.00467289719626
135	A	1	0.00467289719626
136	C	10	0.0467289719626
136	G	1	0.00467289719626
137	A	3	0.0140186915888
137	C	16	0.0747663551402
138	C	2	0.00934579439252
141	G	29	0.135514018692
141	T	17	0.0794392523364
143	T	3	0.0140186915888
145	C	2	0.00934579439252
146	G	14	0.0654205607477
146	T	1	0.00467289719626
147	A	2	0.00934579439252
147	C	5	0.0233644859813
147	T	1	0.00467289719626
148	A	1	0.00467289719626
148	T	23	0.107476635514
149	A	49	0.228971962617
149	C	14	0.0654205607477
149	T	1	0.00467289719626
150	G	18	0.0841121495327
151	C	1	0.00467289719626
152	A	12	0.0560747663551
152	T	9	0.0420560747664
153	C	42	0.196261682243
153	G	43	0.200934579439
153	T	1	0.00467289719626
154	C	17	0.0794392523364
155	G	24	0.11214953271
156	G	20	0.0934579439252
156	T	1	0.00467289719626
157	T	1	0.00467289719626
158	A	2	0.00934579439252
158	C	39	0.182242990654
159	C	2	0.00934579439252
159	G	6	0.0280373831776
159	T	3	0.0140186915888
160	A	3	0.0140186915888
160	C	10	0.0467289719626
160	G	29	0.135514018692
161	A	1	0.00467289719626
161	G	30	0.140186915888
161	T	8	0.0373831775701
162	A	5	0.0233644859813
162	C	1	0.00467289719626
162	G	28	0.130841121495
162	T	4	0.018691588785
163	A	21	0.0981308411215
163	C	25	0.116822429907
163	G	1	0.00467289719626
164	C	21	0.0981308411215
165	A	5	0.0233644859813
165	C	21	0.0981308411215
165	T	3	0.0140186915888
166	A	11	0.0514018691589
166	C	21	0.0981308411215
166	T	6	0.0280373831776
167	A	6	0.0280373831776
167	C	50	0.233644859813
168	C	4	0.018691588785
168	G	1	0.00467289719626
168	T	32	0.14953271028
169	A	1	0.00467289719626
169	C	6	0.0280373831776
169	T	1	0.00467289719626
170	G	3	0.0140186915888
171	A	66	0.308411214953
171	C	59	0.275700934579
171	T	1	0.00467289719626
172	G	5	0.0233644859813
172	T	25	0.116822429907
173	C	4	0.018691588785
173	G	8	0.0373831775701
174	G	54	0.252336448598
175	C	1	0.00467289719626
175	G	1	0.00467289719626
176	A	3	0.0140186915888
176	G	31	0.144859813084
176	T	65	0.303738317757
177	A	1	0.00467289719626
178	C	2	0.00934579439252
178	G	1	0.00467289719626
179	T	3	0.0140186915888
180	A	1	0.00467289719626
180	T	1	0.00467289719626
182	C	4	0.018691588785
182	G	3	0.0140186915888
184	C	1	0.00467289719626
184	G	2	0.00934579439252
184	T	3	0.0140186915888
185	A	3	0.0140186915888
187	C	8	0.0373831775701
187	G	71	0.331775700935
188	A	5	0.0233644859813
188	T	32	0.14953271028
190	A	2	0.00934579439252
190	C	2	0.00934579439252
191	G	1	0.00467289719626
191	T	27	0.126168224299
192	A	3	0.0140186915888
193	G	3	0.0140186915888
193	T	1	0.00467289719626
194	A	1	0.00467289719626
194	C	2	0.00934579439252
196	A	34	0.158878504673
196	C	3	0.0140186915888
196	T	1	0.00467289719626
197	A	1	0.00467289719626
199	A	1	0.00467289719626
200	C	1	0.00467289719626
200	G	1	0.00467289719626
201	C	53	0.247663551402
202	C	1	0.00467289719626
203	A	2	0.00934579439252
203	G	29	0.135514018692
203	T	15	0.0700934579439
205	A	1	0.00467289719626
205	G	1	0.00467289719626
205	T	1	0.00467289719626
206	A	20	0.0934579439252
206	C	35	0.163551401869
206	T	5	0.0233644859813
207	C	1	0.00467289719626
207	T	10	0.0467289719626
208	C	2	0.00934579439252
208	G	1	0.00467289719626
209	A	2	0.00934579439252
209	C	21	0.0981308411215
209	G	3	0.0140186915888
210	C	2	0.00934579439252
210	G	1	0.00467289719626
211	A	1	0.00467289719626
211	G	3	0.0140186915888
211	T	17	0.0794392523364
212	G	3	0.0140186915888
212	T	5	0.0233644859813
214	T	3	0.0140186915888
215	C	2	0.00934579439252
215	T	1	0.00467289719626
216	T	1	0.00467289719626
217	C	8	0.0373831775701
218	T	1	0.00467289719626
219	A	17	0.0794392523364
219	G	2	0.00934579439252
220	C	13	0.0607476635514
220	G	6	0.0280373831776
221	C	9	0.0420560747664
221	G	35	0.163551401869
222	C	13	0.0607476635514
222	G	10	0.0467289719626
223	A	1	0.00467289719626
223	T	13	0.0607476635514
224	A	1	0.00467289719626
224	G	2	0.00934579439252
225	C	3	0.0140186915888
225	G	26	0.121495327103
226	G	21	0.0981308411215
226	T	1	0.00467289719626
227	A	2	0.00934579439252
227	T	2	0.00934579439252
228	C	1	0.00467289719626
228	G	7	0.0327102803738
229	A	33	0.154205607477
229	C	12	0.0560747663551
229	T	21	0.0981308411215
230	G	24	0.11214953271
230	T	1	0.00467289719626
231	C	2	0.00934579439252
231	G	3	0.0140186915888
232	T	17	0.0794392523364
233	C	3	0.0140186915888
233	G	3	0.0140186915888
234	A	3	0.0140186915888
235	G	2	0.00934579439252
235	T	34	0.158878504673
236	A	2	0.00934579439252
236	G	37	0.172897196262
237	A	2	0.00934579439252
237	C	64	0.299065420561
238	C	21	0.0981308411215
238	T	1	0.00467289719626
239	A	1	0.00467289719626
239	G	21	0.0981308411215
239	T	11	0.0514018691589
240	C	3	0.0140186915888
240	G	2	0.00934579439252
240	T	4	0.018691588785
241	C	1	0.00467289719626
242	A	1	0.00467289719626
242	T	1	0.00467289719626
243	A	2	0.00934579439252
243	C	1	0.00467289719626
244	C	1	0.00467289719626
245	A	103	0.481308411215
246	A	9	0.0420560747664
246	G	5	0.0233644859813
246	T	32	0.14953271028
247	C	1	0.00467289719626
248	A	5	0.0233644859813
248	T	2	0.00934579439252
249	C	2	0.00934579439252
250	A	1	0.00467289719626
250	C	1	0.00467289719626
251	A	8	0.0373831775701
251	G	15	0.0700934579439
251	T	1	0.00467289719626
252	G	7	0.0327102803738
253	A	6	0.0280373831776
254	A	1	0.00467289719626
254	T	12	0.0560747663551
255	G	1	0.00467289719626
256	G	1	0.00467289719626
257	A	3	0.0140186915888
257	C	2	0.00934579439252
258	G	2	0.00934579439252
259	A	12	0.0560747663551
259	C	26	0.121495327103
260	C	4	0.018691588785
260	G	1	0.00467289719626
260	T	21	0.0981308411215
261	G	3	0.0140186915888
263	G	17	0.0794392523364
264	A	1	0.00467289719626
264	T	1	0.00467289719626
265	G	2	0.00934579439252
266	A	2	0.00934579439252
266	C	15	0.0700934579439
266	T	20	0.0934579439252
267	T	1	0.00467289719626
268	G	1	0.00467289719626
269	A	2	0.00934579439252
269	T	2	0.00934579439252
270	G	1	0.00467289719626
272	A	1	0.00467289719626
272	T	1	0.00467289719626
275	A	1	0.00467289719626
276	A	30	0.140186915888
276	C	1	0.00467289719626
276	T	1	0.00467289719626
277	G	3	0.0140186915888
278	A	59	0.275700934579
278	C	47	0.219626168224
278	T	10	0.0467289719626
279	G	1	0.00467289719626
281	C	8	0.0373831775701
282	C	1	0.00467289719626
283	T	7	0.0327102803738
284	A	1	0.00467289719626
284	T	11	0.0514018691589
285	G	1	0.00467289719626
286	T	1	0.00467289719626
287	A	1	0.00467289719626
287	C	1	0.00467289719626
287	G	3	0.0140186915888
289	T	12	0.0560747663551
290	C	1	0.00467289719626
