Position	Nucleotide	Multiplicity	Frequency
57	A	1	0.00751879699248
58	C	1	0.00751879699248
59	T	1	0.00751879699248
61	T	1	0.00751879699248
62	T	2	0.015037593985
63	A	1	0.00751879699248
65	C	3	0.0225563909774
67	A	1	0.00751879699248
67	T	2	0.015037593985
68	G	2	0.015037593985
70	A	1	0.00751879699248
70	T	29	0.218045112782
71	T	1	0.00751879699248
72	C	2	0.015037593985
73	T	1	0.00751879699248
74	A	2	0.015037593985
74	C	3	0.0225563909774
77	A	2	0.015037593985
77	C	1	0.00751879699248
77	T	6	0.0451127819549
78	G	1	0.00751879699248
79	A	1	0.00751879699248
79	G	1	0.00751879699248
80	G	2	0.015037593985
80	T	1	0.00751879699248
81	C	1	0.00751879699248
81	G	43	0.323308270677
81	T	1	0.00751879699248
82	A	2	0.015037593985
82	G	38	0.285714285714
82	T	2	0.015037593985
84	A	2	0.015037593985
84	C	4	0.0300751879699
84	T	2	0.015037593985
85	G	1	0.00751879699248
86	T	1	0.00751879699248
87	G	27	0.203007518797
88	A	2	0.015037593985
88	C	1	0.00751879699248
88	T	1	0.00751879699248
89	C	1	0.00751879699248
90	G	16	0.12030075188
90	T	31	0.233082706767
91	A	1	0.00751879699248
91	C	10	0.0751879699248
91	T	40	0.300751879699
92	T	2	0.015037593985
93	C	1	0.00751879699248
93	G	41	0.308270676692
94	G	39	0.293233082707
95	A	1	0.00751879699248
95	T	2	0.015037593985
96	G	29	0.218045112782
97	G	2	0.015037593985
97	T	1	0.00751879699248
99	C	6	0.0451127819549
99	T	3	0.0225563909774
100	G	3	0.0225563909774
101	A	1	0.00751879699248
101	T	1	0.00751879699248
102	C	2	0.015037593985
102	G	4	0.0300751879699
104	T	19	0.142857142857
105	C	1	0.00751879699248
113	G	1	0.00751879699248
115	G	2	0.015037593985
115	T	1	0.00751879699248
116	A	1	0.00751879699248
117	A	1	0.00751879699248
117	C	1	0.00751879699248
118	A	1	0.00751879699248
119	C	4	0.0300751879699
120	A	1	0.00751879699248
125	A	1	0.00751879699248
126	C	1	0.00751879699248
127	C	1	0.00751879699248
127	G	1	0.00751879699248
128	A	11	0.0827067669173
129	A	1	0.00751879699248
131	A	7	0.0526315789474
131	C	4	0.0300751879699
131	T	28	0.210526315789
133	C	1	0.00751879699248
137	A	25	0.187969924812
137	T	3	0.0225563909774
141	A	1	0.00751879699248
142	A	1	0.00751879699248
143	A	1	0.00751879699248
144	A	1	0.00751879699248
144	C	2	0.015037593985
147	A	105	0.789473684211
148	C	2	0.015037593985
149	A	1	0.00751879699248
149	C	3	0.0225563909774
150	C	29	0.218045112782
150	T	1	0.00751879699248
152	C	3	0.0225563909774
153	G	2	0.015037593985
154	C	1	0.00751879699248
154	G	1	0.00751879699248
154	T	1	0.00751879699248
155	C	5	0.0375939849624
156	C	29	0.218045112782
156	G	1	0.00751879699248
157	A	39	0.293233082707
157	T	2	0.015037593985
158	G	1	0.00751879699248
158	T	2	0.015037593985
159	A	11	0.0827067669173
160	A	3	0.0225563909774
160	C	24	0.18045112782
161	C	39	0.293233082707
162	A	4	0.0300751879699
162	T	39	0.293233082707
163	A	40	0.300751879699
164	A	1	0.00751879699248
164	G	4	0.0300751879699
165	C	7	0.0526315789474
165	G	1	0.00751879699248
166	A	5	0.0375939849624
166	C	16	0.12030075188
166	T	34	0.255639097744
167	T	2	0.015037593985
171	A	27	0.203007518797
171	C	1	0.00751879699248
171	G	1	0.00751879699248
172	G	1	0.00751879699248
173	A	1	0.00751879699248
173	T	1	0.00751879699248
174	C	4	0.0300751879699
174	G	1	0.00751879699248
175	C	1	0.00751879699248
176	T	10	0.0751879699248
177	C	7	0.0526315789474
178	A	1	0.00751879699248
179	C	5	0.0375939849624
184	A	1	0.00751879699248
184	G	1	0.00751879699248
185	C	1	0.00751879699248
186	C	1	0.00751879699248
187	C	2	0.015037593985
189	C	1	0.00751879699248
190	G	2	0.015037593985
190	T	1	0.00751879699248
191	A	1	0.00751879699248
195	A	3	0.0225563909774
196	A	2	0.015037593985
197	G	1	0.00751879699248
199	C	1	0.00751879699248
202	G	29	0.218045112782
202	T	40	0.300751879699
203	T	1	0.00751879699248
206	A	1	0.00751879699248
209	T	3	0.0225563909774
210	C	1	0.00751879699248
212	C	2	0.015037593985
212	G	2	0.015037593985
213	C	1	0.00751879699248
214	C	1	0.00751879699248
216	C	1	0.00751879699248
216	G	2	0.015037593985
217	C	11	0.0827067669173
217	G	5	0.0375939849624
217	T	3	0.0225563909774
218	C	28	0.210526315789
218	G	1	0.00751879699248
219	C	1	0.00751879699248
220	T	1	0.00751879699248
221	A	2	0.015037593985
223	C	2	0.015037593985
224	C	2	0.015037593985
225	G	27	0.203007518797
226	G	17	0.127819548872
227	A	1	0.00751879699248
227	T	15	0.112781954887
229	A	1	0.00751879699248
229	T	4	0.0300751879699
230	A	4	0.0300751879699
230	C	44	0.330827067669
230	T	2	0.015037593985
231	G	32	0.240601503759
233	C	2	0.015037593985
233	T	4	0.0300751879699
234	A	29	0.218045112782
234	C	5	0.0375939849624
234	G	40	0.300751879699
235	C	8	0.0601503759398
235	T	5	0.0375939849624
236	C	1	0.00751879699248
236	G	4	0.0300751879699
237	A	1	0.00751879699248
237	G	1	0.00751879699248
237	T	11	0.0827067669173
238	C	1	0.00751879699248
239	C	1	0.00751879699248
239	G	2	0.015037593985
241	G	1	0.00751879699248
242	G	3	0.0225563909774
244	C	1	0.00751879699248
245	A	2	0.015037593985
245	C	1	0.00751879699248
247	C	2	0.015037593985
247	G	6	0.0451127819549
249	G	1	0.00751879699248
250	C	1	0.00751879699248
251	T	2	0.015037593985
252	A	1	0.00751879699248
255	C	4	0.0300751879699
257	C	1	0.00751879699248
257	G	2	0.015037593985
257	T	1	0.00751879699248
258	A	7	0.0526315789474
259	G	2	0.015037593985
259	T	2	0.015037593985
260	A	1	0.00751879699248
262	C	1	0.00751879699248
262	G	1	0.00751879699248
263	A	45	0.338345864662
263	C	8	0.0601503759398
265	G	1	0.00751879699248
267	G	1	0.00751879699248
272	T	1	0.00751879699248
273	A	7	0.0526315789474
274	C	1	0.00751879699248
275	A	7	0.0526315789474
275	C	46	0.345864661654
275	T	1	0.00751879699248
276	C	1	0.00751879699248
278	C	29	0.218045112782
278	G	1	0.00751879699248
280	G	1	0.00751879699248
281	T	35	0.263157894737
282	C	1	0.00751879699248
284	C	1	0.00751879699248
284	G	1	0.00751879699248
285	T	8	0.0601503759398
286	T	2	0.015037593985
287	A	1	0.00751879699248
287	C	29	0.218045112782
