Position	Nucleotide	Multiplicity	Frequency
51	A	1	0.00480769230769
53	A	1	0.00480769230769
54	C	1	0.00480769230769
55	C	3	0.0144230769231
56	A	1	0.00480769230769
65	T	1	0.00480769230769
66	C	1	0.00480769230769
67	G	3	0.0144230769231
67	T	1	0.00480769230769
68	A	1	0.00480769230769
69	A	1	0.00480769230769
70	C	1	0.00480769230769
74	T	1	0.00480769230769
75	A	1	0.00480769230769
76	C	2	0.00961538461538
77	C	3	0.0144230769231
78	C	136	0.653846153846
79	G	2	0.00961538461538
81	C	4	0.0192307692308
81	G	1	0.00480769230769
82	T	38	0.182692307692
83	A	26	0.125
84	T	38	0.182692307692
86	T	38	0.182692307692
88	G	63	0.302884615385
88	T	65	0.3125
89	G	65	0.3125
90	A	42	0.201923076923
91	C	25	0.120192307692
91	G	1	0.00480769230769
91	T	1	0.00480769230769
92	C	56	0.269230769231
93	C	1	0.00480769230769
95	C	1	0.00480769230769
96	G	48	0.230769230769
97	T	1	0.00480769230769
98	T	1	0.00480769230769
99	G	1	0.00480769230769
100	G	1	0.00480769230769
101	C	36	0.173076923077
101	T	19	0.0913461538462
103	G	1	0.00480769230769
107	A	1	0.00480769230769
108	A	1	0.00480769230769
109	C	4	0.0192307692308
110	T	3	0.0144230769231
111	T	1	0.00480769230769
112	C	1	0.00480769230769
113	G	3	0.0144230769231
115	C	2	0.00961538461538
115	G	1	0.00480769230769
117	C	1	0.00480769230769
118	T	1	0.00480769230769
119	A	1	0.00480769230769
119	C	1	0.00480769230769
122	A	14	0.0673076923077
122	C	1	0.00480769230769
124	T	1	0.00480769230769
125	C	1	0.00480769230769
125	T	1	0.00480769230769
126	G	1	0.00480769230769
127	C	1	0.00480769230769
128	G	2	0.00961538461538
131	A	25	0.120192307692
132	G	1	0.00480769230769
133	C	10	0.0480769230769
134	C	3	0.0144230769231
134	G	1	0.00480769230769
135	A	2	0.00961538461538
136	C	2	0.00961538461538
137	C	1	0.00480769230769
138	G	1	0.00480769230769
139	A	1	0.00480769230769
141	G	66	0.317307692308
142	C	1	0.00480769230769
142	G	1	0.00480769230769
145	A	1	0.00480769230769
146	C	48	0.230769230769
146	G	1	0.00480769230769
147	C	38	0.182692307692
148	A	1	0.00480769230769
148	C	1	0.00480769230769
149	A	1	0.00480769230769
149	C	1	0.00480769230769
149	G	1	0.00480769230769
150	C	3	0.0144230769231
151	C	1	0.00480769230769
152	C	1	0.00480769230769
153	T	2	0.00961538461538
154	T	1	0.00480769230769
156	A	49	0.235576923077
157	T	49	0.235576923077
158	C	1	0.00480769230769
159	A	1	0.00480769230769
160	C	2	0.00961538461538
160	T	26	0.125
161	G	1	0.00480769230769
162	C	65	0.3125
163	G	1	0.00480769230769
165	T	7	0.0336538461538
166	A	55	0.264423076923
166	T	26	0.125
167	C	1	0.00480769230769
167	G	48	0.230769230769
168	A	103	0.495192307692
168	C	1	0.00480769230769
168	T	1	0.00480769230769
169	C	49	0.235576923077
169	G	18	0.0865384615385
170	C	7	0.0336538461538
170	G	2	0.00961538461538
170	T	3	0.0144230769231
171	C	34	0.163461538462
171	G	18	0.0865384615385
172	G	15	0.0721153846154
172	T	1	0.00480769230769
173	G	1	0.00480769230769
175	C	48	0.230769230769
176	T	26	0.125
177	C	1	0.00480769230769
178	G	1	0.00480769230769
180	A	1	0.00480769230769
181	A	1	0.00480769230769
181	G	15	0.0721153846154
185	A	38	0.182692307692
186	G	1	0.00480769230769
187	G	3	0.0144230769231
188	A	8	0.0384615384615
189	C	1	0.00480769230769
189	G	1	0.00480769230769
190	C	1	0.00480769230769
191	A	1	0.00480769230769
191	T	33	0.158653846154
193	G	1	0.00480769230769
196	A	16	0.0769230769231
198	G	2	0.00961538461538
200	C	1	0.00480769230769
201	A	36	0.173076923077
201	C	1	0.00480769230769
201	T	1	0.00480769230769
202	C	39	0.1875
203	T	1	0.00480769230769
204	G	8	0.0384615384615
205	A	2	0.00961538461538
205	G	26	0.125
206	A	1	0.00480769230769
206	T	26	0.125
207	G	3	0.0144230769231
207	T	63	0.302884615385
208	C	2	0.00961538461538
210	G	4	0.0192307692308
211	G	1	0.00480769230769
211	T	50	0.240384615385
213	A	1	0.00480769230769
214	G	1	0.00480769230769
215	A	1	0.00480769230769
216	A	1	0.00480769230769
218	A	2	0.00961538461538
218	T	1	0.00480769230769
219	G	1	0.00480769230769
220	A	1	0.00480769230769
220	T	15	0.0721153846154
221	G	1	0.00480769230769
222	A	2	0.00961538461538
222	C	2	0.00961538461538
223	T	1	0.00480769230769
224	A	1	0.00480769230769
224	C	2	0.00961538461538
225	T	15	0.0721153846154
226	A	1	0.00480769230769
227	C	3	0.0144230769231
227	G	1	0.00480769230769
229	G	48	0.230769230769
230	A	2	0.00961538461538
231	C	2	0.00961538461538
231	G	2	0.00961538461538
232	T	1	0.00480769230769
233	C	1	0.00480769230769
233	G	26	0.125
233	T	1	0.00480769230769
234	A	7	0.0336538461538
234	C	1	0.00480769230769
235	T	66	0.317307692308
237	G	38	0.182692307692
238	G	1	0.00480769230769
239	T	8	0.0384615384615
240	C	1	0.00480769230769
241	C	2	0.00961538461538
242	A	3	0.0144230769231
242	T	1	0.00480769230769
243	A	1	0.00480769230769
243	T	1	0.00480769230769
244	C	1	0.00480769230769
244	G	1	0.00480769230769
244	T	1	0.00480769230769
245	A	45	0.216346153846
246	G	1	0.00480769230769
248	A	2	0.00961538461538
249	C	2	0.00961538461538
249	G	2	0.00961538461538
251	A	1	0.00480769230769
251	T	1	0.00480769230769
252	C	1	0.00480769230769
253	A	1	0.00480769230769
253	C	48	0.230769230769
253	T	1	0.00480769230769
255	A	1	0.00480769230769
256	C	1	0.00480769230769
257	C	38	0.182692307692
258	C	5	0.0240384615385
258	G	2	0.00961538461538
259	C	15	0.0721153846154
260	T	2	0.00961538461538
261	G	1	0.00480769230769
262	T	1	0.00480769230769
265	G	1	0.00480769230769
266	A	38	0.182692307692
268	G	1	0.00480769230769
269	A	2	0.00961538461538
269	T	1	0.00480769230769
270	C	1	0.00480769230769
270	G	1	0.00480769230769
273	A	1	0.00480769230769
275	A	1	0.00480769230769
275	T	1	0.00480769230769
276	A	114	0.548076923077
278	A	95	0.456730769231
278	C	48	0.230769230769
280	G	1	0.00480769230769
281	A	1	0.00480769230769
281	C	93	0.447115384615
284	T	7	0.0336538461538
285	G	1	0.00480769230769
286	T	1	0.00480769230769
287	C	2	0.00961538461538
287	G	1	0.00480769230769
288	T	1	0.00480769230769
289	T	8	0.0384615384615
290	C	1	0.00480769230769
290	G	35	0.168269230769
290	T	7	0.0336538461538
