Position	Nucleotide	Multiplicity	Frequency
54	C	1	0.00970873786408
55	G	1	0.00970873786408
55	T	1	0.00970873786408
58	G	1	0.00970873786408
66	T	6	0.0582524271845
67	A	1	0.00970873786408
68	A	1	0.00970873786408
69	A	3	0.0291262135922
70	C	1	0.00970873786408
72	C	1	0.00970873786408
74	C	1	0.00970873786408
75	A	4	0.0388349514563
76	A	12	0.116504854369
77	A	1	0.00970873786408
77	C	37	0.359223300971
79	A	6	0.0582524271845
79	C	47	0.456310679612
79	T	2	0.0194174757282
82	T	17	0.165048543689
83	T	1	0.00970873786408
87	G	6	0.0582524271845
88	A	9	0.0873786407767
88	C	1	0.00970873786408
89	T	20	0.194174757282
90	G	15	0.145631067961
91	A	17	0.165048543689
92	C	1	0.00970873786408
95	C	7	0.0679611650485
96	A	5	0.0485436893204
96	C	45	0.436893203883
96	T	6	0.0582524271845
97	A	16	0.155339805825
97	C	4	0.0388349514563
97	T	36	0.349514563107
100	C	4	0.0388349514563
100	T	50	0.485436893204
101	T	22	0.21359223301
104	T	12	0.116504854369
105	C	1	0.00970873786408
107	T	1	0.00970873786408
108	G	21	0.203883495146
109	A	11	0.106796116505
109	C	41	0.398058252427
110	T	1	0.00970873786408
114	G	2	0.0194174757282
116	A	2	0.0194174757282
116	T	3	0.0291262135922
118	A	1	0.00970873786408
119	T	1	0.00970873786408
120	T	1	0.00970873786408
122	C	4	0.0388349514563
122	T	1	0.00970873786408
123	T	49	0.47572815534
124	C	4	0.0388349514563
124	T	4	0.0388349514563
128	C	1	0.00970873786408
131	C	2	0.0194174757282
132	G	1	0.00970873786408
133	C	12	0.116504854369
133	T	1	0.00970873786408
136	C	1	0.00970873786408
140	A	2	0.0194174757282
140	C	5	0.0485436893204
142	G	1	0.00970873786408
143	A	1	0.00970873786408
147	C	2	0.0194174757282
147	G	3	0.0291262135922
148	G	1	0.00970873786408
149	C	4	0.0388349514563
152	A	9	0.0873786407767
152	C	4	0.0388349514563
152	T	1	0.00970873786408
153	A	12	0.116504854369
153	C	22	0.21359223301
154	G	43	0.417475728155
156	C	1	0.00970873786408
156	G	2	0.0194174757282
158	A	4	0.0388349514563
159	G	4	0.0388349514563
160	C	2	0.0194174757282
161	C	1	0.00970873786408
162	A	4	0.0388349514563
162	C	2	0.0194174757282
163	C	2	0.0194174757282
164	T	3	0.0291262135922
165	C	1	0.00970873786408
165	G	6	0.0582524271845
166	A	2	0.0194174757282
166	C	3	0.0291262135922
168	A	1	0.00970873786408
168	T	1	0.00970873786408
170	T	3	0.0291262135922
172	A	23	0.223300970874
172	C	14	0.135922330097
172	T	22	0.21359223301
173	A	16	0.155339805825
173	G	9	0.0873786407767
174	G	22	0.21359223301
176	T	1	0.00970873786408
177	C	17	0.165048543689
177	G	9	0.0873786407767
179	A	1	0.00970873786408
179	G	4	0.0388349514563
179	T	2	0.0194174757282
180	C	6	0.0582524271845
182	T	1	0.00970873786408
184	G	17	0.165048543689
185	T	20	0.194174757282
186	T	2	0.0194174757282
193	C	1	0.00970873786408
194	T	1	0.00970873786408
195	C	5	0.0485436893204
195	G	17	0.165048543689
196	G	2	0.0194174757282
197	A	16	0.155339805825
197	C	5	0.0485436893204
198	C	6	0.0582524271845
198	G	1	0.00970873786408
199	A	2	0.0194174757282
199	C	22	0.21359223301
200	C	3	0.0291262135922
202	C	2	0.0194174757282
202	G	12	0.116504854369
203	C	3	0.0291262135922
204	C	7	0.0679611650485
204	T	1	0.00970873786408
205	C	3	0.0291262135922
205	G	1	0.00970873786408
206	A	12	0.116504854369
206	C	4	0.0388349514563
206	G	36	0.349514563107
207	G	4	0.0388349514563
208	A	4	0.0388349514563
208	G	1	0.00970873786408
208	T	3	0.0291262135922
209	G	1	0.00970873786408
209	T	5	0.0485436893204
210	C	22	0.21359223301
210	T	17	0.165048543689
211	C	1	0.00970873786408
212	C	9	0.0873786407767
212	G	4	0.0388349514563
212	T	11	0.106796116505
215	C	2	0.0194174757282
216	A	14	0.135922330097
216	C	4	0.0388349514563
216	T	1	0.00970873786408
218	C	13	0.126213592233
218	G	10	0.0970873786408
219	A	1	0.00970873786408
219	C	1	0.00970873786408
220	G	1	0.00970873786408
221	A	2	0.0194174757282
222	A	1	0.00970873786408
222	C	4	0.0388349514563
223	G	22	0.21359223301
223	T	13	0.126213592233
225	A	4	0.0388349514563
226	T	1	0.00970873786408
227	T	1	0.00970873786408
228	C	8	0.0776699029126
228	G	1	0.00970873786408
229	T	16	0.155339805825
230	T	6	0.0582524271845
231	C	1	0.00970873786408
232	C	10	0.0970873786408
232	G	4	0.0388349514563
233	A	1	0.00970873786408
233	T	17	0.165048543689
234	T	1	0.00970873786408
235	G	1	0.00970873786408
236	A	3	0.0291262135922
236	C	1	0.00970873786408
236	T	10	0.0970873786408
237	A	38	0.368932038835
237	C	1	0.00970873786408
238	A	1	0.00970873786408
240	G	1	0.00970873786408
241	A	1	0.00970873786408
243	T	38	0.368932038835
246	G	23	0.223300970874
247	C	1	0.00970873786408
247	G	14	0.135922330097
248	A	2	0.0194174757282
248	C	15	0.145631067961
248	T	22	0.21359223301
249	A	8	0.0776699029126
249	G	7	0.0679611650485
249	T	3	0.0291262135922
250	T	1	0.00970873786408
251	A	1	0.00970873786408
251	C	31	0.300970873786
251	T	1	0.00970873786408
253	A	22	0.21359223301
253	C	29	0.281553398058
254	T	40	0.388349514563
257	C	1	0.00970873786408
258	A	1	0.00970873786408
258	C	4	0.0388349514563
258	T	1	0.00970873786408
259	G	2	0.0194174757282
260	A	2	0.0194174757282
260	T	1	0.00970873786408
261	G	1	0.00970873786408
264	T	1	0.00970873786408
265	T	4	0.0388349514563
266	A	1	0.00970873786408
267	T	1	0.00970873786408
270	T	1	0.00970873786408
271	C	1	0.00970873786408
272	A	1	0.00970873786408
277	T	1	0.00970873786408
279	A	4	0.0388349514563
279	C	38	0.368932038835
281	A	7	0.0679611650485
281	C	6	0.0582524271845
282	T	1	0.00970873786408
284	C	12	0.116504854369
286	T	17	0.165048543689
287	T	59	0.572815533981
288	G	1	0.00970873786408
289	T	1	0.00970873786408
292	T	6	0.0582524271845
293	A	1	0.00970873786408
293	C	2	0.0194174757282
