Position	Nucleotide	Multiplicity	Frequency
12	T	16	0.173913043478
30	C	1	0.0108695652174
44	G	1	0.0108695652174
55	A	1	0.0108695652174
56	G	2	0.0217391304348
57	A	1	0.0108695652174
58	G	1	0.0108695652174
65	C	7	0.0760869565217
67	G	5	0.054347826087
67	T	24	0.260869565217
71	G	1	0.0108695652174
73	T	1	0.0108695652174
74	C	3	0.0326086956522
77	T	5	0.054347826087
78	A	1	0.0108695652174
79	C	8	0.0869565217391
80	G	23	0.25
80	T	10	0.108695652174
82	A	25	0.271739130435
82	G	15	0.163043478261
82	T	3	0.0326086956522
83	G	1	0.0108695652174
83	T	36	0.391304347826
84	C	25	0.271739130435
84	G	10	0.108695652174
86	G	1	0.0108695652174
87	G	2	0.0217391304348
88	A	20	0.217391304348
88	C	5	0.054347826087
89	G	5	0.054347826087
90	A	2	0.0217391304348
93	A	25	0.271739130435
93	C	10	0.108695652174
94	C	5	0.054347826087
94	G	1	0.0108695652174
95	T	1	0.0108695652174
98	T	19	0.20652173913
102	C	1	0.0108695652174
103	A	5	0.054347826087
104	T	35	0.380434782609
108	C	1	0.0108695652174
109	G	1	0.0108695652174
113	G	1	0.0108695652174
113	T	1	0.0108695652174
115	G	1	0.0108695652174
117	A	25	0.271739130435
118	T	1	0.0108695652174
126	G	1	0.0108695652174
127	C	1	0.0108695652174
131	C	9	0.0978260869565
132	T	1	0.0108695652174
135	A	1	0.0108695652174
136	G	1	0.0108695652174
137	A	24	0.260869565217
137	C	1	0.0108695652174
140	C	1	0.0108695652174
141	A	27	0.29347826087
141	C	9	0.0978260869565
141	T	1	0.0108695652174
142	C	2	0.0217391304348
143	C	14	0.152173913043
144	G	1	0.0108695652174
145	T	1	0.0108695652174
146	T	7	0.0760869565217
147	C	7	0.0760869565217
148	T	8	0.0869565217391
149	G	5	0.054347826087
149	T	6	0.0652173913043
150	G	2	0.0217391304348
152	G	1	0.0108695652174
153	C	10	0.108695652174
153	G	25	0.271739130435
154	C	25	0.271739130435
154	T	1	0.0108695652174
155	C	2	0.0217391304348
156	G	33	0.358695652174
157	A	26	0.282608695652
157	C	2	0.0217391304348
157	T	5	0.054347826087
158	C	7	0.0760869565217
159	G	10	0.108695652174
160	A	34	0.369565217391
160	C	11	0.119565217391
161	G	2	0.0217391304348
162	A	1	0.0108695652174
162	C	2	0.0217391304348
162	G	8	0.0869565217391
163	A	13	0.141304347826
164	A	12	0.130434782609
164	C	26	0.282608695652
164	G	3	0.0326086956522
165	C	35	0.380434782609
165	G	9	0.0978260869565
166	A	26	0.282608695652
166	C	5	0.054347826087
166	T	3	0.0326086956522
167	C	1	0.0108695652174
167	G	1	0.0108695652174
168	A	3	0.0326086956522
168	T	2	0.0217391304348
169	A	7	0.0760869565217
169	C	23	0.25
169	T	3	0.0326086956522
170	A	1	0.0108695652174
170	T	1	0.0108695652174
171	C	6	0.0652173913043
171	G	1	0.0108695652174
171	T	4	0.0434782608696
172	A	2	0.0217391304348
172	C	11	0.119565217391
172	G	8	0.0869565217391
172	T	4	0.0434782608696
173	C	5	0.054347826087
173	T	6	0.0652173913043
174	G	35	0.380434782609
175	T	6	0.0652173913043
176	G	2	0.0217391304348
176	T	18	0.195652173913
178	T	8	0.0869565217391
179	A	1	0.0108695652174
179	T	9	0.0978260869565
180	A	25	0.271739130435
180	T	3	0.0326086956522
182	C	1	0.0108695652174
182	G	8	0.0869565217391
184	G	1	0.0108695652174
186	G	1	0.0108695652174
192	C	9	0.0978260869565
192	T	1	0.0108695652174
193	G	5	0.054347826087
198	A	2	0.0217391304348
200	G	7	0.0760869565217
202	A	1	0.0108695652174
203	T	1	0.0108695652174
204	C	1	0.0108695652174
205	G	5	0.054347826087
205	T	1	0.0108695652174
206	G	24	0.260869565217
206	T	1	0.0108695652174
207	C	1	0.0108695652174
207	G	1	0.0108695652174
211	A	1	0.0108695652174
211	T	1	0.0108695652174
213	C	1	0.0108695652174
213	G	1	0.0108695652174
214	C	10	0.108695652174
215	C	1	0.0108695652174
215	T	1	0.0108695652174
216	T	1	0.0108695652174
217	G	1	0.0108695652174
218	T	1	0.0108695652174
221	A	1	0.0108695652174
221	T	2	0.0217391304348
222	A	1	0.0108695652174
222	C	1	0.0108695652174
224	A	1	0.0108695652174
225	C	1	0.0108695652174
225	G	1	0.0108695652174
226	C	1	0.0108695652174
229	G	1	0.0108695652174
230	G	2	0.0217391304348
230	T	6	0.0652173913043
231	G	10	0.108695652174
232	A	1	0.0108695652174
232	T	20	0.217391304348
233	G	3	0.0326086956522
233	T	1	0.0108695652174
234	A	8	0.0869565217391
234	G	25	0.271739130435
234	T	7	0.0760869565217
235	C	1	0.0108695652174
236	A	1	0.0108695652174
236	C	10	0.108695652174
237	C	6	0.0652173913043
238	T	11	0.119565217391
239	A	1	0.0108695652174
239	G	1	0.0108695652174
240	T	10	0.108695652174
241	C	1	0.0108695652174
241	G	1	0.0108695652174
242	A	10	0.108695652174
245	G	33	0.358695652174
248	C	1	0.0108695652174
249	G	1	0.0108695652174
249	T	1	0.0108695652174
250	C	1	0.0108695652174
250	G	2	0.0217391304348
251	T	3	0.0326086956522
252	C	2	0.0217391304348
253	A	2	0.0217391304348
254	A	5	0.054347826087
254	T	2	0.0217391304348
256	G	1	0.0108695652174
257	A	1	0.0108695652174
259	A	4	0.0434782608696
260	C	1	0.0108695652174
260	G	1	0.0108695652174
260	T	1	0.0108695652174
262	A	20	0.217391304348
262	G	1	0.0108695652174
262	T	42	0.45652173913
265	C	1	0.0108695652174
266	A	6	0.0652173913043
266	C	30	0.326086956522
266	T	1	0.0108695652174
269	A	5	0.054347826087
269	T	1	0.0108695652174
275	T	16	0.173913043478
276	C	1	0.0108695652174
277	G	1	0.0108695652174
278	A	4	0.0434782608696
278	C	29	0.315217391304
278	T	1	0.0108695652174
279	C	1	0.0108695652174
281	C	27	0.29347826087
281	G	1	0.0108695652174
284	T	10	0.108695652174
287	G	1	0.0108695652174
