Position	Nucleotide	Multiplicity	Frequency
52	C	1	0.013698630137
55	C	1	0.013698630137
59	C	72	0.986301369863
61	T	1	0.013698630137
62	T	1	0.013698630137
65	T	1	0.013698630137
66	G	1	0.013698630137
71	C	55	0.753424657534
72	A	55	0.753424657534
75	A	1	0.013698630137
78	C	1	0.013698630137
81	G	55	0.753424657534
81	T	12	0.164383561644
82	G	58	0.794520547945
84	C	3	0.041095890411
87	G	4	0.0547945205479
88	G	13	0.178082191781
88	T	4	0.0547945205479
90	G	14	0.191780821918
90	T	3	0.041095890411
91	A	56	0.767123287671
91	C	1	0.013698630137
92	A	1	0.013698630137
92	T	55	0.753424657534
93	A	41	0.561643835616
93	C	14	0.191780821918
94	C	3	0.041095890411
95	C	1	0.013698630137
96	A	2	0.027397260274
97	A	1	0.013698630137
98	C	55	0.753424657534
99	G	55	0.753424657534
100	C	1	0.013698630137
101	C	1	0.013698630137
104	C	12	0.164383561644
106	C	1	0.013698630137
107	A	1	0.013698630137
108	A	1	0.013698630137
109	C	1	0.013698630137
110	T	2	0.027397260274
112	A	1	0.013698630137
123	C	1	0.013698630137
125	C	1	0.013698630137
127	C	1	0.013698630137
128	C	13	0.178082191781
129	C	1	0.013698630137
129	G	2	0.027397260274
130	A	40	0.547945205479
130	C	1	0.013698630137
131	A	41	0.561643835616
132	A	1	0.013698630137
133	G	1	0.013698630137
134	G	14	0.191780821918
135	A	2	0.027397260274
135	C	1	0.013698630137
137	A	11	0.150684931507
137	C	1	0.013698630137
137	T	1	0.013698630137
141	C	1	0.013698630137
141	G	1	0.013698630137
141	T	14	0.191780821918
142	G	1	0.013698630137
146	G	1	0.013698630137
146	T	2	0.027397260274
150	C	1	0.013698630137
153	C	2	0.027397260274
155	T	41	0.561643835616
156	A	54	0.739726027397
156	C	1	0.013698630137
156	T	2	0.027397260274
160	A	55	0.753424657534
162	G	1	0.013698630137
164	A	41	0.561643835616
164	G	14	0.191780821918
165	A	1	0.013698630137
165	T	1	0.013698630137
167	A	2	0.027397260274
168	G	54	0.739726027397
172	T	1	0.013698630137
174	C	2	0.027397260274
175	G	57	0.780821917808
176	G	13	0.178082191781
178	T	16	0.219178082192
179	C	13	0.178082191781
182	C	1	0.013698630137
183	G	2	0.027397260274
184	G	2	0.027397260274
187	G	17	0.232876712329
188	A	12	0.164383561644
188	C	14	0.191780821918
188	T	2	0.027397260274
190	C	1	0.013698630137
193	C	1	0.013698630137
194	A	12	0.164383561644
194	C	1	0.013698630137
196	A	1	0.013698630137
197	A	1	0.013698630137
198	G	1	0.013698630137
201	C	16	0.219178082192
204	C	41	0.561643835616
205	T	55	0.753424657534
206	G	55	0.753424657534
207	C	12	0.164383561644
207	G	1	0.013698630137
207	T	2	0.027397260274
209	A	55	0.753424657534
210	G	15	0.205479452055
213	T	1	0.013698630137
215	C	1	0.013698630137
216	T	1	0.013698630137
217	G	1	0.013698630137
218	T	1	0.013698630137
219	C	1	0.013698630137
219	G	1	0.013698630137
220	A	1	0.013698630137
221	G	3	0.041095890411
221	T	2	0.027397260274
223	A	1	0.013698630137
224	A	1	0.013698630137
225	T	1	0.013698630137
226	G	1	0.013698630137
228	C	1	0.013698630137
229	A	2	0.027397260274
229	C	41	0.561643835616
230	A	1	0.013698630137
230	T	4	0.0547945205479
231	G	1	0.013698630137
232	T	3	0.041095890411
233	C	1	0.013698630137
234	C	2	0.027397260274
235	T	5	0.0684931506849
236	A	2	0.027397260274
237	G	1	0.013698630137
238	T	12	0.164383561644
239	T	2	0.027397260274
244	G	1	0.013698630137
245	A	26	0.356164383562
245	C	2	0.027397260274
246	G	11	0.150684931507
246	T	4	0.0547945205479
248	A	1	0.013698630137
248	C	1	0.013698630137
248	T	1	0.013698630137
251	G	16	0.219178082192
251	T	12	0.164383561644
254	T	12	0.164383561644
256	C	1	0.013698630137
258	C	1	0.013698630137
259	A	2	0.027397260274
260	G	3	0.041095890411
261	A	3	0.041095890411
261	C	12	0.164383561644
262	T	2	0.027397260274
263	G	1	0.013698630137
265	G	1	0.013698630137
266	C	2	0.027397260274
267	T	1	0.013698630137
273	T	1	0.013698630137
276	C	55	0.753424657534
278	A	1	0.013698630137
278	C	14	0.191780821918
278	T	3	0.041095890411
282	C	1	0.013698630137
283	T	3	0.041095890411
284	T	12	0.164383561644
287	C	2	0.027397260274
