Position	Nucleotide	Multiplicity	Frequency
56	G	1	0.0142857142857
57	T	1	0.0142857142857
64	A	1	0.0142857142857
67	T	1	0.0142857142857
70	G	1	0.0142857142857
73	T	5	0.0714285714286
74	A	3	0.0428571428571
74	C	2	0.0285714285714
75	A	8	0.114285714286
77	C	1	0.0142857142857
77	G	1	0.0142857142857
78	C	1	0.0142857142857
80	A	9	0.128571428571
82	G	4	0.0571428571429
82	T	2	0.0285714285714
83	T	20	0.285714285714
87	C	26	0.371428571429
88	C	9	0.128571428571
88	G	5	0.0714285714286
88	T	8	0.114285714286
90	A	5	0.0714285714286
91	C	1	0.0142857142857
91	G	1	0.0142857142857
94	C	3	0.0428571428571
94	T	11	0.157142857143
97	G	24	0.342857142857
98	T	3	0.0428571428571
99	G	1	0.0142857142857
101	A	11	0.157142857143
102	T	23	0.328571428571
105	C	1	0.0142857142857
108	C	1	0.0142857142857
110	T	1	0.0142857142857
113	A	8	0.114285714286
113	C	1	0.0142857142857
116	C	1	0.0142857142857
116	G	8	0.114285714286
117	A	8	0.114285714286
118	G	16	0.228571428571
118	T	1	0.0142857142857
121	T	1	0.0142857142857
122	C	1	0.0142857142857
127	C	1	0.0142857142857
135	T	1	0.0142857142857
136	G	1	0.0142857142857
140	C	1	0.0142857142857
143	G	23	0.328571428571
144	C	1	0.0142857142857
145	A	2	0.0285714285714
146	C	1	0.0142857142857
147	A	21	0.3
147	C	1	0.0142857142857
148	A	1	0.0142857142857
149	A	8	0.114285714286
150	C	1	0.0142857142857
150	G	5	0.0714285714286
150	T	12	0.171428571429
152	C	21	0.3
152	G	1	0.0142857142857
153	C	15	0.214285714286
153	G	9	0.128571428571
154	A	1	0.0142857142857
154	C	21	0.3
154	T	12	0.171428571429
155	C	8	0.114285714286
156	A	8	0.114285714286
157	A	1	0.0142857142857
157	C	12	0.171428571429
157	T	1	0.0142857142857
158	T	1	0.0142857142857
160	C	9	0.128571428571
160	G	1	0.0142857142857
163	C	8	0.114285714286
164	C	24	0.342857142857
165	A	13	0.185714285714
165	C	9	0.128571428571
166	A	11	0.157142857143
166	C	29	0.414285714286
168	G	25	0.357142857143
169	A	17	0.242857142857
169	C	22	0.314285714286
170	T	11	0.157142857143
171	C	1	0.0142857142857
171	G	8	0.114285714286
172	C	21	0.3
174	A	1	0.0142857142857
174	C	1	0.0142857142857
174	T	3	0.0428571428571
175	A	8	0.114285714286
175	C	13	0.185714285714
176	A	8	0.114285714286
176	T	1	0.0142857142857
177	G	1	0.0142857142857
178	G	1	0.0142857142857
178	T	1	0.0142857142857
179	A	1	0.0142857142857
179	C	1	0.0142857142857
180	T	8	0.114285714286
181	A	1	0.0142857142857
181	G	12	0.171428571429
182	A	1	0.0142857142857
184	C	1	0.0142857142857
185	A	1	0.0142857142857
191	A	8	0.114285714286
193	C	1	0.0142857142857
193	G	12	0.171428571429
194	A	1	0.0142857142857
200	T	1	0.0142857142857
201	A	1	0.0142857142857
204	G	1	0.0142857142857
206	A	1	0.0142857142857
207	C	12	0.171428571429
208	G	1	0.0142857142857
211	G	1	0.0142857142857
212	A	1	0.0142857142857
213	G	1	0.0142857142857
214	A	1	0.0142857142857
217	C	3	0.0428571428571
218	A	1	0.0142857142857
219	G	1	0.0142857142857
219	T	12	0.171428571429
220	G	2	0.0285714285714
222	A	1	0.0142857142857
225	G	2	0.0285714285714
226	C	1	0.0142857142857
228	G	18	0.257142857143
229	C	1	0.0142857142857
230	T	1	0.0142857142857
232	A	1	0.0142857142857
233	A	1	0.0142857142857
238	T	8	0.114285714286
239	G	1	0.0142857142857
245	G	2	0.0285714285714
246	G	1	0.0142857142857
247	A	8	0.114285714286
248	A	21	0.3
249	C	21	0.3
249	G	5	0.0714285714286
249	T	1	0.0142857142857
250	G	10	0.142857142857
250	T	8	0.114285714286
251	T	1	0.0142857142857
252	T	21	0.3
253	T	21	0.3
255	T	1	0.0142857142857
258	G	1	0.0142857142857
259	A	12	0.171428571429
260	G	1	0.0142857142857
261	A	17	0.242857142857
261	C	21	0.3
262	T	21	0.3
263	G	1	0.0142857142857
265	G	3	0.0428571428571
266	A	5	0.0714285714286
266	C	1	0.0142857142857
268	G	1	0.0142857142857
269	A	1	0.0142857142857
270	C	8	0.114285714286
270	G	1	0.0142857142857
274	A	1	0.0142857142857
275	G	2	0.0285714285714
276	A	21	0.3
276	G	5	0.0714285714286
277	C	1	0.0142857142857
278	A	12	0.171428571429
278	T	20	0.285714285714
281	C	9	0.128571428571
283	G	1	0.0142857142857
283	T	14	0.2
284	G	8	0.114285714286
289	T	11	0.157142857143
290	C	1	0.0142857142857
290	G	2	0.0285714285714
290	T	20	0.285714285714
291	G	2	0.0285714285714
291	T	12	0.171428571429
292	G	2	0.0285714285714
292	T	12	0.171428571429
