Position	Nucleotide	Multiplicity	Frequency
45	G	2	0.0110497237569
56	C	1	0.00552486187845
57	T	1	0.00552486187845
58	C	2	0.0110497237569
60	C	1	0.00552486187845
65	C	2	0.0110497237569
66	C	1	0.00552486187845
67	T	1	0.00552486187845
68	G	1	0.00552486187845
71	C	2	0.0110497237569
72	C	2	0.0110497237569
74	C	8	0.0441988950276
76	A	1	0.00552486187845
77	C	1	0.00552486187845
77	G	13	0.0718232044199
78	C	1	0.00552486187845
80	T	1	0.00552486187845
82	A	61	0.337016574586
82	G	16	0.0883977900552
82	T	14	0.0773480662983
83	T	1	0.00552486187845
85	C	1	0.00552486187845
85	G	1	0.00552486187845
86	T	2	0.0110497237569
87	G	15	0.0828729281768
87	T	38	0.209944751381
88	A	2	0.0110497237569
88	C	10	0.0552486187845
89	A	2	0.0110497237569
89	C	11	0.060773480663
89	G	51	0.281767955801
90	T	5	0.0276243093923
91	A	32	0.17679558011
91	C	56	0.309392265193
91	T	12	0.0662983425414
92	T	34	0.187845303867
93	C	17	0.0939226519337
94	T	3	0.0165745856354
96	A	34	0.187845303867
96	C	2	0.0110497237569
97	A	14	0.0773480662983
97	G	8	0.0441988950276
98	A	18	0.0994475138122
98	C	26	0.14364640884
99	C	1	0.00552486187845
99	T	12	0.0662983425414
101	A	5	0.0276243093923
101	C	34	0.187845303867
102	A	1	0.00552486187845
102	T	22	0.121546961326
103	C	1	0.00552486187845
103	G	2	0.0110497237569
103	T	1	0.00552486187845
104	T	4	0.0220994475138
105	C	1	0.00552486187845
107	A	1	0.00552486187845
108	A	1	0.00552486187845
109	C	1	0.00552486187845
113	T	9	0.0497237569061
116	C	1	0.00552486187845
117	A	1	0.00552486187845
118	G	8	0.0441988950276
119	A	11	0.060773480663
119	C	1	0.00552486187845
120	A	1	0.00552486187845
122	G	1	0.00552486187845
123	A	3	0.0165745856354
124	A	13	0.0718232044199
124	C	1	0.00552486187845
125	G	1	0.00552486187845
127	G	11	0.060773480663
130	A	1	0.00552486187845
131	A	10	0.0552486187845
131	C	17	0.0939226519337
132	T	1	0.00552486187845
136	C	1	0.00552486187845
138	C	2	0.0110497237569
138	G	2	0.0110497237569
140	A	1	0.00552486187845
141	C	2	0.0110497237569
142	A	1	0.00552486187845
142	C	4	0.0220994475138
143	A	1	0.00552486187845
143	C	2	0.0110497237569
144	T	2	0.0110497237569
145	T	1	0.00552486187845
146	C	2	0.0110497237569
146	G	13	0.0718232044199
146	T	10	0.0552486187845
147	A	1	0.00552486187845
147	C	30	0.165745856354
147	T	4	0.0220994475138
148	C	26	0.14364640884
148	G	1	0.00552486187845
149	C	16	0.0883977900552
149	G	24	0.132596685083
150	C	3	0.0165745856354
150	G	8	0.0441988950276
150	T	2	0.0110497237569
151	C	1	0.00552486187845
152	C	4	0.0220994475138
152	G	46	0.254143646409
152	T	15	0.0828729281768
153	A	2	0.0110497237569
153	C	1	0.00552486187845
154	A	1	0.00552486187845
154	G	1	0.00552486187845
154	T	5	0.0276243093923
155	C	28	0.154696132597
155	G	2	0.0110497237569
155	T	2	0.0110497237569
156	G	2	0.0110497237569
157	C	4	0.0220994475138
157	G	2	0.0110497237569
157	T	12	0.0662983425414
159	A	1	0.00552486187845
160	C	2	0.0110497237569
160	G	1	0.00552486187845
161	C	2	0.0110497237569
162	A	1	0.00552486187845
163	T	12	0.0662983425414
164	G	1	0.00552486187845
164	T	9	0.0497237569061
165	G	17	0.0939226519337
165	T	1	0.00552486187845
166	A	6	0.0331491712707
166	C	19	0.104972375691
167	T	2	0.0110497237569
168	G	75	0.414364640884
169	C	3	0.0165745856354
169	G	14	0.0773480662983
169	T	1	0.00552486187845
170	A	17	0.0939226519337
170	C	1	0.00552486187845
170	G	11	0.060773480663
171	G	37	0.204419889503
171	T	1	0.00552486187845
172	C	3	0.0165745856354
173	C	4	0.0220994475138
173	G	10	0.0552486187845
174	C	3	0.0165745856354
174	G	1	0.00552486187845
175	C	11	0.060773480663
176	T	68	0.375690607735
177	C	2	0.0110497237569
178	C	5	0.0276243093923
179	T	30	0.165745856354
180	C	7	0.0386740331492
181	G	10	0.0552486187845
182	C	3	0.0165745856354
183	C	1	0.00552486187845
184	C	2	0.0110497237569
185	T	2	0.0110497237569
188	T	1	0.00552486187845
189	C	1	0.00552486187845
189	T	1	0.00552486187845
191	A	1	0.00552486187845
191	C	1	0.00552486187845
191	T	10	0.0552486187845
192	C	2	0.0110497237569
193	G	36	0.198895027624
193	T	37	0.204419889503
195	T	1	0.00552486187845
198	A	1	0.00552486187845
200	C	8	0.0441988950276
200	G	2	0.0110497237569
201	C	1	0.00552486187845
201	G	10	0.0552486187845
204	C	2	0.0110497237569
204	T	1	0.00552486187845
206	T	10	0.0552486187845
207	G	13	0.0718232044199
209	A	1	0.00552486187845
209	T	48	0.265193370166
210	A	2	0.0110497237569
210	C	2	0.0110497237569
212	A	10	0.0552486187845
213	G	1	0.00552486187845
213	T	1	0.00552486187845
215	C	2	0.0110497237569
215	G	3	0.0165745856354
216	A	1	0.00552486187845
217	C	1	0.00552486187845
220	C	9	0.0497237569061
220	G	1	0.00552486187845
221	A	1	0.00552486187845
221	C	20	0.110497237569
221	G	1	0.00552486187845
222	C	2	0.0110497237569
224	A	1	0.00552486187845
224	G	1	0.00552486187845
224	T	1	0.00552486187845
225	C	10	0.0552486187845
225	G	1	0.00552486187845
226	C	4	0.0220994475138
227	A	8	0.0441988950276
228	G	11	0.060773480663
228	T	26	0.14364640884
229	G	14	0.0773480662983
230	A	14	0.0773480662983
230	T	11	0.060773480663
231	C	1	0.00552486187845
231	G	1	0.00552486187845
232	A	2	0.0110497237569
233	A	41	0.226519337017
234	G	36	0.198895027624
235	C	1	0.00552486187845
235	G	1	0.00552486187845
236	C	17	0.0939226519337
236	T	9	0.0497237569061
237	C	9	0.0497237569061
238	C	21	0.116022099448
238	G	1	0.00552486187845
238	T	3	0.0165745856354
239	C	8	0.0441988950276
239	G	1	0.00552486187845
240	G	38	0.209944751381
240	T	5	0.0276243093923
242	T	1	0.00552486187845
244	T	1	0.00552486187845
245	G	46	0.254143646409
246	G	1	0.00552486187845
246	T	2	0.0110497237569
249	C	2	0.0110497237569
249	G	3	0.0165745856354
250	C	3	0.0165745856354
250	G	20	0.110497237569
251	A	4	0.0220994475138
251	T	13	0.0718232044199
252	G	8	0.0441988950276
253	A	2	0.0110497237569
254	A	2	0.0110497237569
254	T	2	0.0110497237569
256	A	1	0.00552486187845
256	G	1	0.00552486187845
257	C	1	0.00552486187845
257	T	1	0.00552486187845
258	C	37	0.204419889503
258	G	24	0.132596685083
259	A	1	0.00552486187845
259	T	1	0.00552486187845
261	A	37	0.204419889503
261	C	16	0.0883977900552
262	G	44	0.243093922652
262	T	38	0.209944751381
263	C	3	0.0165745856354
264	A	4	0.0220994475138
264	T	2	0.0110497237569
265	C	1	0.00552486187845
266	A	13	0.0718232044199
266	C	5	0.0276243093923
266	T	1	0.00552486187845
268	G	1	0.00552486187845
269	A	9	0.0497237569061
269	T	1	0.00552486187845
270	G	1	0.00552486187845
271	A	1	0.00552486187845
272	A	1	0.00552486187845
272	T	1	0.00552486187845
275	C	2	0.0110497237569
276	A	18	0.0994475138122
276	C	4	0.0220994475138
276	T	3	0.0165745856354
277	C	1	0.00552486187845
277	G	1	0.00552486187845
278	A	35	0.193370165746
278	C	48	0.265193370166
279	C	1	0.00552486187845
281	C	10	0.0552486187845
281	G	1	0.00552486187845
282	C	1	0.00552486187845
283	T	53	0.292817679558
284	A	1	0.00552486187845
284	T	33	0.182320441989
285	G	2	0.0110497237569
286	T	1	0.00552486187845
287	C	1	0.00552486187845
287	G	1	0.00552486187845
288	A	9	0.0497237569061
288	T	1	0.00552486187845
