Position	Nucleotide	Multiplicity	Frequency
50	G	2	0.00264900662252
53	A	1	0.00132450331126
54	C	8	0.0105960264901
54	G	4	0.00529801324503
55	C	11	0.0145695364238
55	G	3	0.00397350993377
55	T	1	0.00132450331126
57	A	1	0.00132450331126
57	T	1	0.00132450331126
58	A	1	0.00132450331126
58	C	4	0.00529801324503
59	T	1	0.00132450331126
60	A	1	0.00132450331126
60	C	5	0.00662251655629
61	G	1	0.00132450331126
61	T	2	0.00264900662252
62	T	1	0.00132450331126
63	C	6	0.00794701986755
63	G	1	0.00132450331126
64	A	2	0.00264900662252
65	G	1	0.00132450331126
65	T	4	0.00529801324503
66	C	5	0.00662251655629
66	G	1	0.00132450331126
66	T	1	0.00132450331126
67	C	2	0.00264900662252
67	G	14	0.0185430463576
68	A	2	0.00264900662252
69	A	49	0.0649006622517
69	C	22	0.0291390728477
69	T	34	0.0450331125828
70	T	1	0.00132450331126
71	A	19	0.0251655629139
71	C	129	0.170860927152
72	C	2	0.00264900662252
73	A	1	0.00132450331126
73	T	55	0.0728476821192
74	C	2	0.00264900662252
76	A	3	0.00397350993377
76	C	1	0.00132450331126
76	T	2	0.00264900662252
77	C	5	0.00662251655629
77	G	110	0.145695364238
77	T	21	0.0278145695364
78	C	3	0.00397350993377
78	G	12	0.0158940397351
79	G	3	0.00397350993377
80	A	1	0.00132450331126
81	G	4	0.00529801324503
81	T	37	0.0490066225166
82	A	19	0.0251655629139
82	G	123	0.162913907285
82	T	37	0.0490066225166
83	G	122	0.161589403974
83	T	50	0.0662251655629
84	C	6	0.00794701986755
84	G	12	0.0158940397351
85	C	2	0.00264900662252
86	G	1	0.00132450331126
86	T	103	0.13642384106
87	C	1	0.00132450331126
87	G	19	0.0251655629139
87	T	18	0.0238410596026
88	A	2	0.00264900662252
88	G	34	0.0450331125828
88	T	146	0.193377483444
89	T	129	0.170860927152
90	A	165	0.218543046358
90	C	2	0.00264900662252
90	T	57	0.0754966887417
91	A	387	0.512582781457
91	C	98	0.129801324503
91	T	2	0.00264900662252
92	A	1	0.00132450331126
92	T	54	0.0715231788079
93	A	185	0.245033112583
93	C	77	0.101986754967
93	G	1	0.00132450331126
94	C	20	0.0264900662252
94	G	1	0.00132450331126
94	T	18	0.0238410596026
95	A	2	0.00264900662252
95	G	35	0.046357615894
95	T	27	0.035761589404
96	C	2	0.00264900662252
96	G	18	0.0238410596026
97	C	4	0.00529801324503
97	G	20	0.0264900662252
97	T	139	0.184105960265
98	C	71	0.0940397350993
99	C	54	0.0715231788079
99	T	72	0.0953642384106
100	C	2	0.00264900662252
101	A	353	0.467549668874
101	C	160	0.211920529801
101	T	22	0.0291390728477
102	G	18	0.0238410596026
103	C	17	0.0225165562914
103	G	2	0.00264900662252
103	T	1	0.00132450331126
104	T	51	0.0675496688742
105	C	2	0.00264900662252
105	G	1	0.00132450331126
106	A	2	0.00264900662252
108	C	12	0.0158940397351
109	C	14	0.0185430463576
109	G	1	0.00132450331126
110	A	35	0.046357615894
110	C	1	0.00132450331126
110	T	2	0.00264900662252
112	A	1	0.00132450331126
112	C	1	0.00132450331126
112	T	1	0.00132450331126
113	C	2	0.00264900662252
113	G	22	0.0291390728477
113	T	2	0.00264900662252
114	T	1	0.00132450331126
115	C	2	0.00264900662252
115	G	2	0.00264900662252
116	A	1	0.00132450331126
116	C	1	0.00132450331126
116	T	2	0.00264900662252
117	A	5	0.00662251655629
117	C	3	0.00397350993377
117	T	3	0.00397350993377
119	A	1	0.00132450331126
119	G	29	0.0384105960265
119	T	3	0.00397350993377
120	A	2	0.00264900662252
120	T	1	0.00132450331126
122	A	32	0.0423841059603
122	C	7	0.00927152317881
123	A	1	0.00132450331126
123	T	1	0.00132450331126
124	A	1	0.00132450331126
124	C	1	0.00132450331126
125	C	25	0.0331125827815
125	G	2	0.00264900662252
125	T	15	0.0198675496689
126	A	1	0.00132450331126
126	G	19	0.0251655629139
127	G	1	0.00132450331126
128	C	4	0.00529801324503
128	G	71	0.0940397350993
129	A	2	0.00264900662252
129	C	1	0.00132450331126
130	A	2	0.00264900662252
131	A	71	0.0940397350993
131	C	220	0.291390728477
131	T	18	0.0238410596026
132	A	4	0.00529801324503
132	T	71	0.0940397350993
133	C	1	0.00132450331126
134	C	1	0.00132450331126
134	G	1	0.00132450331126
135	A	1	0.00132450331126
135	C	1	0.00132450331126
136	C	4	0.00529801324503
136	G	2	0.00264900662252
137	A	2	0.00264900662252
137	C	20	0.0264900662252
137	T	3	0.00397350993377
138	C	1	0.00132450331126
138	G	1	0.00132450331126
139	A	1	0.00132450331126
139	C	1	0.00132450331126
140	A	3	0.00397350993377
141	C	5	0.00662251655629
141	G	89	0.117880794702
141	T	38	0.0503311258278
142	C	2	0.00264900662252
143	T	1	0.00132450331126
145	A	2	0.00264900662252
145	C	5	0.00662251655629
145	T	1	0.00132450331126
146	C	3	0.00397350993377
146	G	90	0.119205298013
146	T	29	0.0384105960265
147	A	72	0.0953642384106
147	C	1	0.00132450331126
147	G	2	0.00264900662252
147	T	3	0.00397350993377
148	A	11	0.0145695364238
148	C	2	0.00264900662252
148	T	18	0.0238410596026
149	A	19	0.0251655629139
149	C	14	0.0185430463576
149	T	1	0.00132450331126
150	C	20	0.0264900662252
150	G	38	0.0503311258278
151	A	3	0.00397350993377
151	C	6	0.00794701986755
151	G	3	0.00397350993377
152	A	1	0.00132450331126
152	G	3	0.00397350993377
152	T	1	0.00132450331126
153	C	2	0.00264900662252
153	G	52	0.0688741721854
154	G	42	0.0556291390728
154	T	1	0.00132450331126
155	A	13	0.0172185430464
155	T	37	0.0490066225166
156	A	1	0.00132450331126
156	G	13	0.0172185430464
156	T	38	0.0503311258278
157	A	2	0.00264900662252
157	G	2	0.00264900662252
157	T	18	0.0238410596026
158	A	1	0.00132450331126
158	C	34	0.0450331125828
159	C	23	0.0304635761589
159	G	275	0.364238410596
159	T	2	0.00264900662252
160	C	3	0.00397350993377
160	G	83	0.109933774834
160	T	2	0.00264900662252
161	A	37	0.0490066225166
161	G	63	0.0834437086093
161	T	218	0.288741721854
162	C	2	0.00264900662252
162	G	19	0.0251655629139
163	A	21	0.0278145695364
163	C	179	0.237086092715
164	A	72	0.0953642384106
164	C	20	0.0264900662252
165	A	36	0.0476821192053
165	T	16	0.0211920529801
166	A	38	0.0503311258278
166	C	36	0.0476821192053
167	A	19	0.0251655629139
167	C	7	0.00927152317881
167	G	1	0.00132450331126
168	A	21	0.0278145695364
168	T	32	0.0423841059603
169	A	113	0.149668874172
169	C	86	0.113907284768
169	T	89	0.117880794702
170	A	4	0.00529801324503
170	T	1	0.00132450331126
171	C	3	0.00397350993377
171	G	6	0.00794701986755
172	G	18	0.0238410596026
173	C	4	0.00529801324503
173	G	3	0.00397350993377
174	C	32	0.0423841059603
174	G	79	0.104635761589
174	T	28	0.0370860927152
175	C	98	0.129801324503
175	G	112	0.148344370861
175	T	60	0.0794701986755
176	A	2	0.00264900662252
176	G	48	0.0635761589404
176	T	114	0.150993377483
177	C	45	0.0596026490066
177	G	20	0.0264900662252
178	C	51	0.0675496688742
178	T	39	0.0516556291391
179	C	38	0.0503311258278
180	A	4	0.00529801324503
180	C	37	0.0490066225166
180	T	15	0.0198675496689
181	A	39	0.0516556291391
181	G	1	0.00132450331126
181	T	9	0.0119205298013
182	C	4	0.00529801324503
182	G	3	0.00397350993377
182	T	1	0.00132450331126
183	G	16	0.0211920529801
184	C	2	0.00264900662252
184	G	20	0.0264900662252
185	A	5	0.00662251655629
185	C	11	0.0145695364238
186	G	29	0.0384105960265
187	C	9	0.0119205298013
187	G	2	0.00264900662252
187	T	28	0.0370860927152
188	A	113	0.149668874172
188	C	91	0.120529801325
188	T	2	0.00264900662252
189	C	4	0.00529801324503
189	G	1	0.00132450331126
190	A	2	0.00264900662252
190	C	1	0.00132450331126
191	C	21	0.0278145695364
192	A	2	0.00264900662252
192	G	5	0.00662251655629
192	T	3	0.00397350993377
193	C	5	0.00662251655629
193	G	54	0.0715231788079
193	T	66	0.087417218543
194	T	1	0.00132450331126
195	A	2	0.00264900662252
195	C	1	0.00132450331126
196	A	38	0.0503311258278
196	T	4	0.00529801324503
197	A	1	0.00132450331126
197	G	2	0.00264900662252
197	T	2	0.00264900662252
198	C	7	0.00927152317881
198	G	1	0.00132450331126
198	T	1	0.00132450331126
199	T	3	0.00397350993377
200	A	20	0.0264900662252
200	T	1	0.00132450331126
201	A	4	0.00529801324503
201	C	1	0.00132450331126
201	T	1	0.00132450331126
202	A	2	0.00264900662252
202	C	6	0.00794701986755
202	G	1	0.00132450331126
203	A	3	0.00397350993377
203	T	1	0.00132450331126
204	C	2	0.00264900662252
204	G	3	0.00397350993377
204	T	33	0.0437086092715
205	A	2	0.00264900662252
205	G	35	0.046357615894
205	T	108	0.143046357616
206	A	1	0.00132450331126
206	T	142	0.188079470199
207	C	37	0.0490066225166
207	G	28	0.0370860927152
207	T	35	0.046357615894
208	C	1	0.00132450331126
208	T	2	0.00264900662252
209	A	1	0.00132450331126
209	G	2	0.00264900662252
209	T	2	0.00264900662252
210	C	2	0.00264900662252
210	G	37	0.0490066225166
211	A	3	0.00397350993377
211	G	40	0.0529801324503
212	T	2	0.00264900662252
213	C	19	0.0251655629139
213	G	129	0.170860927152
214	A	15	0.0198675496689
214	C	82	0.108609271523
214	T	21	0.0278145695364
215	A	20	0.0264900662252
215	C	20	0.0264900662252
215	T	2	0.00264900662252
216	A	1	0.00132450331126
216	T	20	0.0264900662252
217	C	4	0.00529801324503
217	G	3	0.00397350993377
217	T	28	0.0370860927152
218	A	6	0.00794701986755
218	T	2	0.00264900662252
219	C	7	0.00927152317881
219	G	3	0.00397350993377
220	A	4	0.00529801324503
220	G	19	0.0251655629139
220	T	1	0.00132450331126
221	A	28	0.0370860927152
221	C	2	0.00264900662252
222	A	1	0.00132450331126
222	C	6	0.00794701986755
222	G	12	0.0158940397351
223	A	1	0.00132450331126
223	G	1	0.00132450331126
223	T	1	0.00132450331126
224	A	4	0.00529801324503
224	G	1	0.00132450331126
224	T	43	0.0569536423841
225	C	60	0.0794701986755
225	G	3	0.00397350993377
225	T	4	0.00529801324503
226	A	1	0.00132450331126
226	C	42	0.0556291390728
227	A	7	0.00927152317881
227	G	36	0.0476821192053
227	T	44	0.0582781456954
228	C	27	0.035761589404
228	G	58	0.076821192053
228	T	1	0.00132450331126
229	A	128	0.169536423841
229	C	17	0.0225165562914
229	T	1	0.00132450331126
230	A	3	0.00397350993377
230	G	106	0.140397350993
230	T	60	0.0794701986755
231	C	10	0.0132450331126
231	G	15	0.0198675496689
231	T	1	0.00132450331126
232	A	2	0.00264900662252
232	T	20	0.0264900662252
233	C	12	0.0158940397351
233	G	30	0.0397350993377
233	T	1	0.00132450331126
234	A	42	0.0556291390728
234	T	2	0.00264900662252
235	A	2	0.00264900662252
235	G	13	0.0172185430464
235	T	85	0.112582781457
236	A	3	0.00397350993377
236	G	6	0.00794701986755
236	T	60	0.0794701986755
237	A	2	0.00264900662252
237	C	20	0.0264900662252
237	G	18	0.0238410596026
238	C	13	0.0172185430464
238	G	1	0.00132450331126
238	T	84	0.111258278146
239	A	1	0.00132450331126
239	T	89	0.117880794702
240	C	36	0.0476821192053
240	G	22	0.0291390728477
241	A	1	0.00132450331126
241	C	1	0.00132450331126
242	A	1	0.00132450331126
242	T	1	0.00132450331126
243	A	1	0.00132450331126
243	T	1	0.00132450331126
244	C	5	0.00662251655629
244	G	6	0.00794701986755
245	A	90	0.119205298013
245	C	74	0.0980132450331
246	A	12	0.0158940397351
246	G	57	0.0754966887417
246	T	101	0.133774834437
247	A	1	0.00132450331126
247	C	2	0.00264900662252
248	A	40	0.0529801324503
248	C	157	0.207947019868
248	T	1	0.00132450331126
249	C	1	0.00132450331126
249	G	3	0.00397350993377
249	T	1	0.00132450331126
250	A	203	0.268874172185
250	C	65	0.0860927152318
250	T	18	0.0238410596026
251	A	1	0.00132450331126
251	G	30	0.0397350993377
251	T	141	0.186754966887
252	C	2	0.00264900662252
252	G	21	0.0278145695364
253	A	3	0.00397350993377
254	A	156	0.206622516556
254	C	70	0.0927152317881
254	T	121	0.160264900662
255	T	35	0.046357615894
256	A	1	0.00132450331126
256	C	4	0.00529801324503
257	A	2	0.00264900662252
257	C	54	0.0715231788079
257	T	1	0.00132450331126
258	C	35	0.046357615894
258	G	25	0.0331125827815
259	A	125	0.165562913907
259	C	205	0.271523178808
260	C	21	0.0278145695364
260	G	6	0.00794701986755
260	T	13	0.0172185430464
261	C	11	0.0145695364238
261	G	3	0.00397350993377
262	A	18	0.0238410596026
262	T	1	0.00132450331126
263	C	4	0.00529801324503
263	G	1	0.00132450331126
264	A	1	0.00132450331126
264	T	2	0.00264900662252
265	C	1	0.00132450331126
265	G	3	0.00397350993377
265	T	1	0.00132450331126
266	A	1	0.00132450331126
267	A	1	0.00132450331126
268	C	5	0.00662251655629
268	G	38	0.0503311258278
269	A	8	0.0105960264901
270	C	8	0.0105960264901
270	G	3	0.00397350993377
270	T	27	0.035761589404
271	T	2	0.00264900662252
272	A	1	0.00132450331126
272	T	1	0.00132450331126
273	A	2	0.00264900662252
273	T	2	0.00264900662252
274	A	1	0.00132450331126
274	C	20	0.0264900662252
275	G	1	0.00132450331126
275	T	4	0.00529801324503
276	A	169	0.223841059603
276	C	66	0.087417218543
276	T	35	0.046357615894
277	C	29	0.0384105960265
278	A	134	0.177483443709
278	C	71	0.0940397350993
278	T	96	0.127152317881
279	C	2	0.00264900662252
279	G	1	0.00132450331126
280	C	2	0.00264900662252
280	G	2	0.00264900662252
280	T	53	0.0701986754967
281	A	1	0.00132450331126
281	C	22	0.0291390728477
282	C	1	0.00132450331126
282	G	1	0.00132450331126
283	C	5	0.00662251655629
283	G	5	0.00662251655629
283	T	144	0.190728476821
284	A	2	0.00264900662252
284	T	250	0.331125827815
285	C	3	0.00397350993377
285	G	2	0.00264900662252
287	A	2	0.00264900662252
287	C	17	0.0225165562914
287	G	1	0.00132450331126
288	A	24	0.0317880794702
288	T	2	0.00264900662252
289	T	4	0.00529801324503
290	A	1	0.00132450331126
290	C	5	0.00662251655629
290	T	1	0.00132450331126
