Position	Nucleotide	Multiplicity	Frequency
54	A	1	0.0121951219512
54	C	1	0.0121951219512
64	T	1	0.0121951219512
66	G	3	0.0365853658537
68	G	1	0.0121951219512
72	C	1	0.0121951219512
74	C	1	0.0121951219512
79	C	1	0.0121951219512
84	A	3	0.0365853658537
89	T	11	0.134146341463
90	G	1	0.0121951219512
93	A	4	0.0487804878049
93	C	4	0.0487804878049
94	A	2	0.0243902439024
94	C	1	0.0121951219512
94	T	32	0.390243902439
95	C	1	0.0121951219512
96	C	2	0.0243902439024
97	A	12	0.146341463415
98	C	1	0.0121951219512
99	G	1	0.0121951219512
100	C	5	0.0609756097561
103	T	8	0.0975609756098
105	C	1	0.0121951219512
108	G	4	0.0487804878049
109	A	34	0.414634146341
109	C	8	0.0975609756098
112	A	1	0.0121951219512
113	T	2	0.0243902439024
114	C	1	0.0121951219512
115	C	2	0.0243902439024
115	G	1	0.0121951219512
116	T	33	0.40243902439
117	T	1	0.0121951219512
119	C	3	0.0365853658537
121	G	1	0.0121951219512
122	C	1	0.0121951219512
123	A	1	0.0121951219512
123	T	11	0.134146341463
126	A	1	0.0121951219512
127	T	1	0.0121951219512
128	C	34	0.414634146341
128	G	2	0.0243902439024
130	A	1	0.0121951219512
133	C	6	0.0731707317073
133	T	1	0.0121951219512
137	C	2	0.0243902439024
137	G	2	0.0243902439024
138	T	1	0.0121951219512
141	A	1	0.0121951219512
143	A	3	0.0365853658537
143	C	1	0.0121951219512
143	T	4	0.0487804878049
145	A	1	0.0121951219512
146	A	1	0.0121951219512
147	C	2	0.0243902439024
147	T	4	0.0487804878049
148	A	3	0.0365853658537
149	C	5	0.0609756097561
149	G	1	0.0121951219512
150	A	3	0.0365853658537
151	C	1	0.0121951219512
151	T	1	0.0121951219512
152	A	41	0.5
152	C	1	0.0121951219512
152	T	3	0.0365853658537
153	G	3	0.0365853658537
154	C	1	0.0121951219512
154	G	3	0.0365853658537
154	T	1	0.0121951219512
155	G	3	0.0365853658537
156	C	1	0.0121951219512
157	A	1	0.0121951219512
158	A	11	0.134146341463
158	T	44	0.536585365854
159	A	13	0.158536585366
159	C	9	0.109756097561
160	T	1	0.0121951219512
162	A	1	0.0121951219512
162	G	3	0.0365853658537
163	T	33	0.40243902439
164	A	3	0.0365853658537
164	T	3	0.0365853658537
165	C	1	0.0121951219512
165	G	1	0.0121951219512
166	C	1	0.0121951219512
166	T	3	0.0365853658537
167	C	12	0.146341463415
168	T	1	0.0121951219512
169	A	1	0.0121951219512
170	A	1	0.0121951219512
171	G	45	0.548780487805
172	A	42	0.512195121951
172	C	1	0.0121951219512
172	T	1	0.0121951219512
173	T	2	0.0243902439024
174	G	1	0.0121951219512
175	G	33	0.40243902439
175	T	1	0.0121951219512
177	C	1	0.0121951219512
177	G	1	0.0121951219512
177	T	4	0.0487804878049
179	T	8	0.0975609756098
181	T	33	0.40243902439
183	C	2	0.0243902439024
183	G	1	0.0121951219512
185	T	1	0.0121951219512
186	A	1	0.0121951219512
186	G	33	0.40243902439
188	G	9	0.109756097561
189	G	1	0.0121951219512
192	T	3	0.0365853658537
193	C	1	0.0121951219512
194	A	1	0.0121951219512
195	G	2	0.0243902439024
196	C	2	0.0243902439024
198	C	1	0.0121951219512
198	G	34	0.414634146341
199	C	2	0.0243902439024
200	C	2	0.0243902439024
202	T	4	0.0487804878049
203	C	2	0.0243902439024
203	G	1	0.0121951219512
205	C	35	0.426829268293
207	G	2	0.0243902439024
207	T	11	0.134146341463
208	G	1	0.0121951219512
209	A	1	0.0121951219512
209	G	3	0.0365853658537
210	C	34	0.414634146341
212	C	1	0.0121951219512
212	G	2	0.0243902439024
212	T	34	0.414634146341
213	G	4	0.0487804878049
214	T	3	0.0365853658537
215	G	1	0.0121951219512
215	T	3	0.0365853658537
216	A	9	0.109756097561
216	C	5	0.0609756097561
216	T	8	0.0975609756098
217	C	3	0.0365853658537
218	G	21	0.256097560976
219	A	3	0.0365853658537
219	C	1	0.0121951219512
222	C	3	0.0365853658537
222	T	3	0.0365853658537
223	C	1	0.0121951219512
223	T	1	0.0121951219512
224	A	1	0.0121951219512
224	T	3	0.0365853658537
227	A	2	0.0243902439024
227	G	1	0.0121951219512
229	C	1	0.0121951219512
229	G	1	0.0121951219512
230	C	15	0.182926829268
230	T	2	0.0243902439024
232	C	1	0.0121951219512
232	G	2	0.0243902439024
233	A	1	0.0121951219512
233	T	13	0.158536585366
235	G	1	0.0121951219512
236	T	1	0.0121951219512
237	G	2	0.0243902439024
239	A	1	0.0121951219512
239	G	1	0.0121951219512
240	A	1	0.0121951219512
240	C	2	0.0243902439024
241	A	1	0.0121951219512
243	T	1	0.0121951219512
245	A	1	0.0121951219512
246	C	1	0.0121951219512
247	G	8	0.0975609756098
248	A	33	0.40243902439
248	C	4	0.0487804878049
249	T	1	0.0121951219512
250	A	1	0.0121951219512
250	G	1	0.0121951219512
251	C	1	0.0121951219512
252	G	2	0.0243902439024
253	C	12	0.146341463415
254	A	2	0.0243902439024
254	G	33	0.40243902439
254	T	3	0.0365853658537
255	C	2	0.0243902439024
256	A	2	0.0243902439024
256	T	1	0.0121951219512
257	C	1	0.0121951219512
259	C	2	0.0243902439024
259	G	1	0.0121951219512
260	C	1	0.0121951219512
261	C	1	0.0121951219512
261	G	12	0.146341463415
261	T	1	0.0121951219512
262	A	1	0.0121951219512
262	G	1	0.0121951219512
263	T	1	0.0121951219512
264	C	1	0.0121951219512
265	T	1	0.0121951219512
266	A	1	0.0121951219512
266	C	4	0.0487804878049
267	T	1	0.0121951219512
268	T	1	0.0121951219512
269	A	2	0.0243902439024
270	C	1	0.0121951219512
271	G	2	0.0243902439024
271	T	1	0.0121951219512
272	G	1	0.0121951219512
273	T	1	0.0121951219512
274	G	1	0.0121951219512
275	A	1	0.0121951219512
275	C	1	0.0121951219512
277	A	1	0.0121951219512
278	A	1	0.0121951219512
279	A	33	0.40243902439
279	C	1	0.0121951219512
280	A	1	0.0121951219512
280	C	1	0.0121951219512
281	A	6	0.0731707317073
281	C	3	0.0365853658537
281	T	33	0.40243902439
282	G	1	0.0121951219512
283	G	1	0.0121951219512
284	C	2	0.0243902439024
285	A	1	0.0121951219512
286	C	1	0.0121951219512
287	A	1	0.0121951219512
287	T	7	0.0853658536585
288	A	1	0.0121951219512
289	T	1	0.0121951219512
290	G	1	0.0121951219512
291	A	5	0.0609756097561
292	A	1	0.0121951219512
292	G	1	0.0121951219512
293	A	1	0.0121951219512
293	T	3	0.0365853658537
