Position	Nucleotide	Multiplicity	Frequency
48	C	1	0.00826446280992
50	T	1	0.00826446280992
51	T	1	0.00826446280992
53	A	1	0.00826446280992
54	T	1	0.00826446280992
55	A	1	0.00826446280992
56	G	1	0.00826446280992
57	A	1	0.00826446280992
59	T	1	0.00826446280992
62	T	1	0.00826446280992
63	A	1	0.00826446280992
65	C	1	0.00826446280992
67	T	1	0.00826446280992
68	G	1	0.00826446280992
69	A	1	0.00826446280992
72	C	1	0.00826446280992
73	T	1	0.00826446280992
79	C	1	0.00826446280992
81	G	3	0.0247933884298
82	G	26	0.214876033058
85	C	1	0.00826446280992
87	C	1	0.00826446280992
87	G	2	0.0165289256198
89	A	1	0.00826446280992
89	C	1	0.00826446280992
90	G	1	0.00826446280992
90	T	4	0.0330578512397
91	A	25	0.206611570248
91	T	20	0.165289256198
92	A	2	0.0165289256198
93	C	2	0.0165289256198
94	C	26	0.214876033058
98	T	1	0.00826446280992
99	G	24	0.198347107438
101	A	2	0.0165289256198
102	A	1	0.00826446280992
103	G	1	0.00826446280992
104	G	1	0.00826446280992
105	C	2	0.0165289256198
105	G	1	0.00826446280992
106	T	1	0.00826446280992
108	A	2	0.0165289256198
109	C	1	0.00826446280992
113	G	1	0.00826446280992
114	G	1	0.00826446280992
115	T	1	0.00826446280992
116	C	2	0.0165289256198
116	G	1	0.00826446280992
117	A	24	0.198347107438
117	C	3	0.0247933884298
118	G	32	0.264462809917
118	T	2	0.0165289256198
119	C	46	0.380165289256
120	C	3	0.0247933884298
120	G	1	0.00826446280992
121	A	1	0.00826446280992
121	T	20	0.165289256198
122	C	1	0.00826446280992
122	G	1	0.00826446280992
126	G	1	0.00826446280992
127	C	1	0.00826446280992
128	C	2	0.0165289256198
128	G	1	0.00826446280992
129	A	2	0.0165289256198
130	C	1	0.00826446280992
131	C	1	0.00826446280992
132	T	1	0.00826446280992
133	C	1	0.00826446280992
137	C	1	0.00826446280992
139	T	1	0.00826446280992
140	C	1	0.00826446280992
141	A	1	0.00826446280992
142	C	3	0.0247933884298
144	G	1	0.00826446280992
145	T	1	0.00826446280992
146	G	1	0.00826446280992
147	T	26	0.214876033058
149	C	1	0.00826446280992
153	T	2	0.0165289256198
154	A	2	0.0165289256198
156	C	24	0.198347107438
156	G	1	0.00826446280992
156	T	20	0.165289256198
157	G	26	0.214876033058
158	C	1	0.00826446280992
160	A	1	0.00826446280992
160	G	51	0.421487603306
160	T	1	0.00826446280992
162	T	3	0.0247933884298
164	G	1	0.00826446280992
166	C	1	0.00826446280992
167	T	2	0.0165289256198
171	C	1	0.00826446280992
172	G	1	0.00826446280992
174	C	1	0.00826446280992
175	C	1	0.00826446280992
175	G	1	0.00826446280992
176	C	1	0.00826446280992
177	G	2	0.0165289256198
177	T	26	0.214876033058
178	T	26	0.214876033058
183	C	1	0.00826446280992
184	A	1	0.00826446280992
188	T	2	0.0165289256198
189	G	2	0.0165289256198
190	C	2	0.0165289256198
190	T	1	0.00826446280992
193	A	2	0.0165289256198
195	A	1	0.00826446280992
196	A	2	0.0165289256198
199	C	1	0.00826446280992
201	C	1	0.00826446280992
203	T	1	0.00826446280992
207	C	2	0.0165289256198
210	G	2	0.0165289256198
212	G	4	0.0330578512397
212	T	1	0.00826446280992
214	G	1	0.00826446280992
215	G	26	0.214876033058
216	G	2	0.0165289256198
217	C	1	0.00826446280992
217	G	1	0.00826446280992
218	A	2	0.0165289256198
218	C	1	0.00826446280992
220	T	2	0.0165289256198
222	G	1	0.00826446280992
223	C	1	0.00826446280992
225	C	2	0.0165289256198
225	G	26	0.214876033058
227	T	27	0.223140495868
229	T	1	0.00826446280992
230	G	26	0.214876033058
231	G	26	0.214876033058
232	C	1	0.00826446280992
233	C	1	0.00826446280992
236	G	1	0.00826446280992
238	C	1	0.00826446280992
240	A	1	0.00826446280992
243	G	1	0.00826446280992
244	G	1	0.00826446280992
245	A	1	0.00826446280992
245	C	48	0.396694214876
247	C	47	0.388429752066
247	T	1	0.00826446280992
248	G	1	0.00826446280992
248	T	73	0.603305785124
249	G	2	0.0165289256198
250	A	27	0.223140495868
250	T	3	0.0247933884298
252	A	1	0.00826446280992
253	C	5	0.0413223140496
253	G	1	0.00826446280992
256	A	2	0.0165289256198
259	T	24	0.198347107438
262	A	50	0.413223140496
266	T	1	0.00826446280992
267	G	1	0.00826446280992
267	T	1	0.00826446280992
270	A	1	0.00826446280992
271	T	1	0.00826446280992
272	C	2	0.0165289256198
274	A	1	0.00826446280992
274	C	2	0.0165289256198
275	A	26	0.214876033058
275	T	24	0.198347107438
278	C	1	0.00826446280992
280	C	2	0.0165289256198
280	T	24	0.198347107438
281	T	2	0.0165289256198
283	T	2	0.0165289256198
284	C	1	0.00826446280992
284	G	1	0.00826446280992
286	A	1	0.00826446280992
286	G	2	0.0165289256198
286	T	25	0.206611570248
287	C	24	0.198347107438
287	G	1	0.00826446280992
