Position	Nucleotide	Multiplicity	Frequency
53	C	1	0.0625
56	A	2	0.125
65	T	1	0.0625
66	A	2	0.125
67	G	2	0.125
67	T	2	0.125
71	T	2	0.125
75	A	2	0.125
79	A	6	0.375
79	C	4	0.25
88	A	5	0.3125
88	C	1	0.0625
91	A	8	0.5
93	A	6	0.375
94	A	6	0.375
94	C	2	0.125
96	C	4	0.25
97	C	2	0.125
97	T	4	0.25
101	T	2	0.125
102	G	2	0.125
109	C	6	0.375
110	G	2	0.125
112	A	2	0.125
113	A	2	0.125
114	G	3	0.1875
120	A	2	0.125
123	G	2	0.125
126	T	3	0.1875
128	T	3	0.1875
133	C	2	0.125
139	C	2	0.125
141	T	1	0.0625
147	C	3	0.1875
157	G	4	0.25
158	T	6	0.375
161	C	4	0.25
163	C	6	0.375
163	T	3	0.1875
166	C	4	0.25
171	G	1	0.0625
172	C	8	0.5
174	G	4	0.25
174	T	2	0.125
177	G	3	0.1875
178	C	4	0.25
179	T	3	0.1875
180	C	2	0.125
181	G	2	0.125
186	T	6	0.375
189	C	1	0.0625
195	G	1	0.0625
196	G	4	0.25
197	A	4	0.25
198	G	4	0.25
204	C	3	0.1875
205	C	2	0.125
205	G	4	0.25
212	G	2	0.125
215	C	1	0.0625
216	T	6	0.375
217	G	3	0.1875
222	C	4	0.25
223	C	2	0.125
223	T	4	0.25
225	G	6	0.375
230	C	4	0.25
231	T	3	0.1875
233	T	4	0.25
237	C	3	0.1875
244	G	1	0.0625
247	G	3	0.1875
251	C	6	0.375
252	T	3	0.1875
253	C	6	0.375
254	G	6	0.375
254	T	2	0.125
255	A	2	0.125
257	C	3	0.1875
261	C	1	0.0625
262	G	3	0.1875
262	T	1	0.0625
268	T	1	0.0625
269	A	4	0.25
272	T	2	0.125
279	C	4	0.25
281	A	4	0.25
281	C	6	0.375
283	T	3	0.1875
288	G	3	0.1875
292	T	4	0.25
