Position	Nucleotide	Multiplicity	Frequency
46	A	8	0.0427807486631
49	T	1	0.00534759358289
51	T	2	0.0106951871658
53	A	1	0.00534759358289
53	C	1	0.00534759358289
54	C	2	0.0106951871658
56	A	1	0.00534759358289
56	T	1	0.00534759358289
57	T	1	0.00534759358289
59	T	2	0.0106951871658
60	G	1	0.00534759358289
61	T	1	0.00534759358289
63	C	3	0.0160427807487
64	T	1	0.00534759358289
65	T	26	0.139037433155
66	A	13	0.0695187165775
66	G	1	0.00534759358289
67	G	37	0.197860962567
67	T	29	0.155080213904
68	A	12	0.0641711229947
71	G	16	0.0855614973262
71	T	11	0.0588235294118
72	C	4	0.0213903743316
73	T	1	0.00534759358289
74	A	3	0.0160427807487
74	C	4	0.0213903743316
79	A	3	0.0160427807487
79	C	46	0.245989304813
79	T	13	0.0695187165775
80	T	19	0.101604278075
81	C	1	0.00534759358289
84	G	13	0.0695187165775
85	C	13	0.0695187165775
86	T	35	0.187165775401
87	C	1	0.00534759358289
87	T	1	0.00534759358289
88	A	27	0.144385026738
88	C	4	0.0213903743316
89	C	39	0.208556149733
89	T	28	0.149732620321
90	C	1	0.00534759358289
90	G	18	0.096256684492
90	T	14	0.0748663101604
91	A	13	0.0695187165775
91	C	35	0.187165775401
92	C	39	0.208556149733
93	C	25	0.133689839572
93	G	43	0.229946524064
93	T	13	0.0695187165775
94	A	25	0.133689839572
94	C	38	0.20320855615
94	T	3	0.0160427807487
96	C	4	0.0213903743316
96	G	21	0.112299465241
98	T	32	0.171122994652
99	C	1	0.00534759358289
102	C	1	0.00534759358289
103	A	52	0.27807486631
105	C	4	0.0213903743316
106	C	16	0.0855614973262
107	C	12	0.0641711229947
107	G	13	0.0695187165775
110	T	1	0.00534759358289
111	C	1	0.00534759358289
113	C	1	0.00534759358289
113	T	1	0.00534759358289
114	A	1	0.00534759358289
115	G	1	0.00534759358289
118	C	4	0.0213903743316
118	T	1	0.00534759358289
119	A	1	0.00534759358289
120	A	6	0.0320855614973
120	T	32	0.171122994652
121	A	2	0.0106951871658
122	A	2	0.0106951871658
122	T	1	0.00534759358289
123	A	1	0.00534759358289
124	A	1	0.00534759358289
125	G	18	0.096256684492
126	G	8	0.0427807486631
127	A	1	0.00534759358289
128	A	13	0.0695187165775
128	T	1	0.00534759358289
129	C	1	0.00534759358289
130	C	5	0.0267379679144
132	G	1	0.00534759358289
134	A	49	0.262032085561
134	T	6	0.0320855614973
135	A	1	0.00534759358289
136	C	1	0.00534759358289
137	A	14	0.0748663101604
137	T	6	0.0320855614973
138	A	1	0.00534759358289
139	C	1	0.00534759358289
140	A	13	0.0695187165775
142	A	1	0.00534759358289
142	C	3	0.0160427807487
144	C	2	0.0106951871658
145	A	1	0.00534759358289
145	C	3	0.0160427807487
146	A	18	0.096256684492
147	A	1	0.00534759358289
147	T	1	0.00534759358289
149	A	33	0.176470588235
149	G	1	0.00534759358289
150	C	57	0.304812834225
150	G	18	0.096256684492
151	C	2	0.0106951871658
152	G	49	0.262032085561
152	T	2	0.0106951871658
153	G	15	0.0802139037433
156	C	6	0.0320855614973
156	G	13	0.0695187165775
157	G	6	0.0320855614973
158	A	1	0.00534759358289
159	G	36	0.192513368984
160	C	21	0.112299465241
160	T	5	0.0267379679144
161	A	13	0.0695187165775
161	C	6	0.0320855614973
161	G	13	0.0695187165775
162	T	1	0.00534759358289
163	C	13	0.0695187165775
164	A	1	0.00534759358289
166	C	52	0.27807486631
167	A	1	0.00534759358289
167	T	43	0.229946524064
168	C	50	0.267379679144
168	G	4	0.0213903743316
168	T	1	0.00534759358289
169	A	3	0.0160427807487
169	C	43	0.229946524064
169	T	17	0.0909090909091
170	A	1	0.00534759358289
170	G	25	0.133689839572
170	T	5	0.0267379679144
171	C	47	0.251336898396
171	G	12	0.0641711229947
172	A	1	0.00534759358289
172	T	57	0.304812834225
173	G	5	0.0267379679144
173	T	32	0.171122994652
174	C	61	0.326203208556
174	G	1	0.00534759358289
175	G	12	0.0641711229947
176	G	3	0.0160427807487
177	G	2	0.0106951871658
178	C	1	0.00534759358289
178	G	6	0.0320855614973
179	T	7	0.0374331550802
182	T	1	0.00534759358289
183	C	1	0.00534759358289
183	G	1	0.00534759358289
186	C	2	0.0106951871658
186	G	1	0.00534759358289
187	A	1	0.00534759358289
188	T	31	0.16577540107
190	C	1	0.00534759358289
190	G	9	0.048128342246
191	C	50	0.267379679144
191	G	3	0.0160427807487
192	C	1	0.00534759358289
192	G	3	0.0160427807487
193	G	1	0.00534759358289
194	A	1	0.00534759358289
194	C	1	0.00534759358289
194	G	1	0.00534759358289
195	C	2	0.0106951871658
195	G	5	0.0267379679144
195	T	1	0.00534759358289
196	A	1	0.00534759358289
196	C	1	0.00534759358289
197	G	1	0.00534759358289
198	A	1	0.00534759358289
198	T	2	0.0106951871658
199	C	1	0.00534759358289
200	A	1	0.00534759358289
200	G	1	0.00534759358289
200	T	3	0.0160427807487
201	C	3	0.0160427807487
201	T	2	0.0106951871658
202	C	3	0.0160427807487
203	A	1	0.00534759358289
204	G	2	0.0106951871658
204	T	13	0.0695187165775
205	A	1	0.00534759358289
208	A	2	0.0106951871658
209	C	2	0.0106951871658
209	G	34	0.181818181818
209	T	1	0.00534759358289
210	C	18	0.096256684492
211	A	26	0.139037433155
212	C	8	0.0427807486631
212	G	18	0.096256684492
213	A	21	0.112299465241
214	A	1	0.00534759358289
214	C	1	0.00534759358289
215	G	21	0.112299465241
216	A	1	0.00534759358289
216	C	1	0.00534759358289
216	G	1	0.00534759358289
217	A	1	0.00534759358289
217	T	1	0.00534759358289
219	G	3	0.0160427807487
220	A	1	0.00534759358289
220	C	13	0.0695187165775
220	T	1	0.00534759358289
221	C	3	0.0160427807487
223	A	1	0.00534759358289
223	C	3	0.0160427807487
223	G	1	0.00534759358289
225	G	1	0.00534759358289
226	G	23	0.122994652406
227	C	18	0.096256684492
227	T	2	0.0106951871658
229	C	1	0.00534759358289
229	G	8	0.0427807486631
230	T	13	0.0695187165775
231	A	9	0.048128342246
231	C	1	0.00534759358289
232	G	1	0.00534759358289
233	A	3	0.0160427807487
233	T	2	0.0106951871658
234	C	1	0.00534759358289
236	T	37	0.197860962567
237	T	50	0.267379679144
238	C	1	0.00534759358289
239	A	2	0.0106951871658
240	G	1	0.00534759358289
241	G	13	0.0695187165775
242	C	7	0.0374331550802
242	T	1	0.00534759358289
243	G	3	0.0160427807487
243	T	50	0.267379679144
244	C	1	0.00534759358289
244	G	5	0.0267379679144
244	T	3	0.0160427807487
245	A	3	0.0160427807487
245	C	66	0.352941176471
245	T	1	0.00534759358289
246	C	1	0.00534759358289
246	T	5	0.0267379679144
247	A	14	0.0748663101604
247	C	7	0.0374331550802
248	A	12	0.0641711229947
250	A	70	0.374331550802
250	C	13	0.0695187165775
251	T	20	0.106951871658
252	T	1	0.00534759358289
253	A	1	0.00534759358289
254	C	1	0.00534759358289
255	C	1	0.00534759358289
255	G	13	0.0695187165775
255	T	1	0.00534759358289
259	T	5	0.0267379679144
264	A	1	0.00534759358289
265	G	1	0.00534759358289
266	A	1	0.00534759358289
267	C	1	0.00534759358289
269	A	2	0.0106951871658
270	A	1	0.00534759358289
271	A	1	0.00534759358289
272	T	2	0.0106951871658
273	A	11	0.0588235294118
273	T	1	0.00534759358289
275	T	1	0.00534759358289
277	A	1	0.00534759358289
278	A	16	0.0855614973262
278	C	9	0.048128342246
278	T	32	0.171122994652
281	C	3	0.0160427807487
281	T	11	0.0588235294118
283	A	10	0.0534759358289
283	T	3	0.0160427807487
284	C	7	0.0374331550802
284	T	38	0.20320855615
285	C	1	0.00534759358289
287	A	7	0.0374331550802
288	A	16	0.0855614973262
288	T	1	0.00534759358289
289	T	5	0.0267379679144
290	T	1	0.00534759358289
