Position	Nucleotide	Multiplicity	Frequency
48	C	1	0.00454545454545
51	T	1	0.00454545454545
54	G	1	0.00454545454545
55	G	2	0.00909090909091
57	G	1	0.00454545454545
58	C	2	0.00909090909091
61	A	1	0.00454545454545
65	C	31	0.140909090909
66	C	58	0.263636363636
67	G	1	0.00454545454545
68	C	1	0.00454545454545
68	T	6	0.0272727272727
69	A	1	0.00454545454545
70	A	1	0.00454545454545
70	C	28	0.127272727273
71	C	3	0.0136363636364
72	C	4	0.0181818181818
73	T	19	0.0863636363636
76	A	82	0.372727272727
77	G	1	0.00454545454545
78	C	1	0.00454545454545
79	C	7	0.0318181818182
80	T	34	0.154545454545
81	C	1	0.00454545454545
82	A	15	0.0681818181818
82	C	38	0.172727272727
82	T	15	0.0681818181818
83	A	83	0.377272727273
83	T	41	0.186363636364
84	C	1	0.00454545454545
86	C	67	0.304545454545
87	C	21	0.0954545454545
87	G	13	0.0590909090909
88	G	19	0.0863636363636
88	T	16	0.0727272727273
89	T	83	0.377272727273
90	C	1	0.00454545454545
90	G	37	0.168181818182
91	A	154	0.7
91	C	33	0.15
92	G	31	0.140909090909
92	T	13	0.0590909090909
93	C	14	0.0636363636364
94	C	21	0.0954545454545
94	G	1	0.00454545454545
94	T	49	0.222727272727
95	G	13	0.0590909090909
95	T	19	0.0863636363636
97	A	1	0.00454545454545
99	G	2	0.00909090909091
101	T	1	0.00454545454545
102	C	1	0.00454545454545
103	C	31	0.140909090909
105	C	1	0.00454545454545
106	A	2	0.00909090909091
107	T	1	0.00454545454545
109	C	2	0.00909090909091
110	C	5	0.0227272727273
110	T	2	0.00909090909091
111	T	1	0.00454545454545
113	T	19	0.0863636363636
116	C	13	0.0590909090909
117	C	22	0.1
119	A	1	0.00454545454545
119	C	1	0.00454545454545
122	T	1	0.00454545454545
123	C	1	0.00454545454545
128	G	3	0.0136363636364
129	T	1	0.00454545454545
132	T	1	0.00454545454545
133	C	1	0.00454545454545
134	A	34	0.154545454545
134	C	13	0.0590909090909
134	T	1	0.00454545454545
135	A	1	0.00454545454545
136	C	1	0.00454545454545
136	G	1	0.00454545454545
138	C	1	0.00454545454545
139	T	1	0.00454545454545
141	C	2	0.00909090909091
141	G	5	0.0227272727273
144	C	1	0.00454545454545
145	A	2	0.00909090909091
146	A	21	0.0954545454545
146	C	83	0.377272727273
146	T	20	0.0909090909091
147	G	1	0.00454545454545
148	G	1	0.00454545454545
149	A	2	0.00909090909091
149	G	82	0.372727272727
150	G	83	0.377272727273
150	T	6	0.0272727272727
152	A	2	0.00909090909091
152	G	19	0.0863636363636
152	T	1	0.00454545454545
153	C	1	0.00454545454545
154	G	1	0.00454545454545
154	T	74	0.336363636364
156	A	2	0.00909090909091
157	T	2	0.00909090909091
158	C	2	0.00909090909091
159	A	2	0.00909090909091
159	T	1	0.00454545454545
160	A	19	0.0863636363636
160	T	12	0.0545454545455
161	C	1	0.00454545454545
162	T	1	0.00454545454545
163	C	1	0.00454545454545
164	A	1	0.00454545454545
164	T	1	0.00454545454545
165	A	1	0.00454545454545
166	T	2	0.00909090909091
167	C	36	0.163636363636
168	A	2	0.00909090909091
168	T	1	0.00454545454545
169	G	1	0.00454545454545
170	A	81	0.368181818182
170	C	15	0.0681818181818
170	G	21	0.0954545454545
171	G	3	0.0136363636364
171	T	2	0.00909090909091
172	G	1	0.00454545454545
173	G	19	0.0863636363636
173	T	2	0.00909090909091
174	G	1	0.00454545454545
175	A	3	0.0136363636364
175	C	2	0.00909090909091
176	C	34	0.154545454545
176	G	2	0.00909090909091
177	A	1	0.00454545454545
178	C	1	0.00454545454545
178	G	1	0.00454545454545
179	T	30	0.136363636364
180	G	20	0.0909090909091
181	A	1	0.00454545454545
181	C	1	0.00454545454545
182	T	33	0.15
183	A	1	0.00454545454545
185	T	1	0.00454545454545
186	C	20	0.0909090909091
188	A	1	0.00454545454545
189	C	1	0.00454545454545
190	C	1	0.00454545454545
190	G	1	0.00454545454545
192	G	19	0.0863636363636
194	G	1	0.00454545454545
196	A	19	0.0863636363636
196	T	1	0.00454545454545
197	T	20	0.0909090909091
198	A	1	0.00454545454545
199	C	1	0.00454545454545
199	G	20	0.0909090909091
201	T	1	0.00454545454545
204	C	1	0.00454545454545
204	T	19	0.0863636363636
206	A	1	0.00454545454545
207	C	35	0.159090909091
207	G	49	0.222727272727
207	T	13	0.0590909090909
208	C	2	0.00909090909091
209	G	10	0.0454545454545
209	T	21	0.0954545454545
210	C	4	0.0181818181818
210	G	2	0.00909090909091
211	A	1	0.00454545454545
212	C	3	0.0136363636364
212	G	14	0.0636363636364
213	C	1	0.00454545454545
213	T	1	0.00454545454545
214	A	1	0.00454545454545
214	T	108	0.490909090909
215	T	2	0.00909090909091
217	C	1	0.00454545454545
217	G	1	0.00454545454545
218	T	13	0.0590909090909
219	C	21	0.0954545454545
220	C	18	0.0818181818182
220	G	18	0.0818181818182
221	A	19	0.0863636363636
222	A	1	0.00454545454545
222	C	1	0.00454545454545
223	T	1	0.00454545454545
224	A	1	0.00454545454545
225	C	1	0.00454545454545
225	G	13	0.0590909090909
226	C	1	0.00454545454545
226	G	13	0.0590909090909
227	A	18	0.0818181818182
228	C	83	0.377272727273
228	G	20	0.0909090909091
229	A	21	0.0954545454545
229	C	31	0.140909090909
229	T	1	0.00454545454545
230	A	15	0.0681818181818
230	G	21	0.0954545454545
230	T	1	0.00454545454545
231	C	3	0.0136363636364
232	T	1	0.00454545454545
233	A	15	0.0681818181818
233	T	1	0.00454545454545
234	A	19	0.0863636363636
236	G	1	0.00454545454545
236	T	19	0.0863636363636
237	C	1	0.00454545454545
238	C	1	0.00454545454545
238	G	1	0.00454545454545
238	T	6	0.0272727272727
239	A	1	0.00454545454545
240	G	19	0.0863636363636
241	A	1	0.00454545454545
242	C	13	0.0590909090909
242	T	38	0.172727272727
243	A	2	0.00909090909091
243	T	1	0.00454545454545
244	C	1	0.00454545454545
245	T	19	0.0863636363636
247	A	1	0.00454545454545
247	T	1	0.00454545454545
248	A	1	0.00454545454545
249	C	2	0.00909090909091
249	G	2	0.00909090909091
250	A	41	0.186363636364
251	T	1	0.00454545454545
252	C	1	0.00454545454545
253	A	19	0.0863636363636
253	C	1	0.00454545454545
254	T	2	0.00909090909091
255	T	1	0.00454545454545
256	C	2	0.00909090909091
257	A	13	0.0590909090909
257	T	1	0.00454545454545
258	C	28	0.127272727273
258	G	1	0.00454545454545
259	G	85	0.386363636364
261	T	5	0.0227272727273
263	A	1	0.00454545454545
264	C	1	0.00454545454545
264	G	2	0.00909090909091
265	T	1	0.00454545454545
266	A	1	0.00454545454545
268	G	2	0.00909090909091
270	C	1	0.00454545454545
270	G	2	0.00909090909091
271	G	13	0.0590909090909
271	T	1	0.00454545454545
272	T	1	0.00454545454545
273	A	1	0.00454545454545
274	G	1	0.00454545454545
275	A	2	0.00909090909091
277	A	1	0.00454545454545
277	C	16	0.0727272727273
278	C	14	0.0636363636364
278	T	14	0.0636363636364
279	G	1	0.00454545454545
281	G	1	0.00454545454545
282	C	1	0.00454545454545
282	G	2	0.00909090909091
283	C	1	0.00454545454545
283	G	1	0.00454545454545
284	G	1	0.00454545454545
284	T	18	0.0818181818182
285	G	1	0.00454545454545
286	T	1	0.00454545454545
288	T	1	0.00454545454545
289	T	1	0.00454545454545
290	A	1	0.00454545454545
290	C	10	0.0454545454545
