Position	Nucleotide	Multiplicity	Frequency
50	C	1	0.004329004329
50	G	1	0.004329004329
52	C	2	0.00865800865801
54	C	2	0.00865800865801
54	G	1	0.004329004329
55	C	3	0.012987012987
55	G	1	0.004329004329
58	A	2	0.00865800865801
58	C	1	0.004329004329
60	C	2	0.00865800865801
61	T	1	0.004329004329
62	A	1	0.004329004329
63	C	1	0.004329004329
63	G	1	0.004329004329
64	A	1	0.004329004329
65	G	1	0.004329004329
65	T	1	0.004329004329
67	G	7	0.030303030303
69	A	57	0.246753246753
69	C	2	0.00865800865801
71	C	23	0.0995670995671
72	C	3	0.012987012987
73	T	13	0.0562770562771
74	A	1	0.004329004329
74	C	34	0.147186147186
77	C	15	0.0649350649351
79	T	21	0.0909090909091
80	T	21	0.0909090909091
81	G	1	0.004329004329
82	A	31	0.134199134199
82	G	1	0.004329004329
82	T	1	0.004329004329
83	A	9	0.038961038961
83	T	1	0.004329004329
84	C	1	0.004329004329
86	C	56	0.242424242424
87	C	33	0.142857142857
87	T	1	0.004329004329
88	A	42	0.181818181818
88	G	26	0.112554112554
88	T	41	0.177489177489
89	G	39	0.168831168831
89	T	7	0.030303030303
90	C	20	0.0865800865801
91	A	116	0.502164502165
91	C	22	0.0952380952381
92	G	1	0.004329004329
92	T	92	0.398268398268
93	C	1	0.004329004329
94	G	1	0.004329004329
95	A	1	0.004329004329
95	C	17	0.0735930735931
96	A	1	0.004329004329
97	A	19	0.0822510822511
97	T	13	0.0562770562771
98	C	1	0.004329004329
99	G	56	0.242424242424
99	T	7	0.030303030303
100	C	1	0.004329004329
101	T	27	0.116883116883
102	G	2	0.00865800865801
102	T	21	0.0909090909091
103	A	9	0.038961038961
103	C	35	0.151515151515
104	T	34	0.147186147186
106	A	1	0.004329004329
106	C	1	0.004329004329
106	T	1	0.004329004329
107	C	1	0.004329004329
108	A	1	0.004329004329
109	C	6	0.025974025974
110	A	1	0.004329004329
110	T	1	0.004329004329
111	A	1	0.004329004329
111	G	1	0.004329004329
113	C	1	0.004329004329
113	G	1	0.004329004329
115	G	13	0.0562770562771
117	C	1	0.004329004329
118	A	1	0.004329004329
118	T	6	0.025974025974
119	A	1	0.004329004329
120	A	1	0.004329004329
122	C	6	0.025974025974
123	A	1	0.004329004329
123	C	1	0.004329004329
124	A	1	0.004329004329
125	C	3	0.012987012987
125	G	1	0.004329004329
126	T	1	0.004329004329
127	G	2	0.00865800865801
127	T	1	0.004329004329
128	C	1	0.004329004329
128	G	1	0.004329004329
131	A	1	0.004329004329
131	C	22	0.0952380952381
133	C	1	0.004329004329
134	A	22	0.0952380952381
134	C	1	0.004329004329
135	A	3	0.012987012987
135	T	1	0.004329004329
136	C	1	0.004329004329
136	G	1	0.004329004329
137	T	1	0.004329004329
139	A	3	0.012987012987
139	T	33	0.142857142857
140	C	3	0.012987012987
140	T	33	0.142857142857
141	C	27	0.116883116883
141	G	55	0.238095238095
145	C	42	0.181818181818
146	G	76	0.329004329004
146	T	7	0.030303030303
147	C	1	0.004329004329
147	G	1	0.004329004329
148	T	1	0.004329004329
152	A	1	0.004329004329
152	T	22	0.0952380952381
153	G	3	0.012987012987
153	T	1	0.004329004329
154	A	23	0.0995670995671
155	T	2	0.00865800865801
156	A	29	0.125541125541
156	C	61	0.264069264069
157	G	23	0.0995670995671
157	T	20	0.0865800865801
158	C	24	0.103896103896
158	G	22	0.0952380952381
159	A	1	0.004329004329
159	C	42	0.181818181818
159	G	40	0.17316017316
160	G	1	0.004329004329
160	T	1	0.004329004329
161	A	2	0.00865800865801
161	G	2	0.00865800865801
161	T	4	0.017316017316
162	C	2	0.00865800865801
162	G	21	0.0909090909091
162	T	4	0.017316017316
163	C	14	0.0606060606061
163	G	46	0.199134199134
164	C	7	0.030303030303
165	A	38	0.164502164502
165	C	2	0.00865800865801
165	T	1	0.004329004329
166	C	43	0.186147186147
166	T	1	0.004329004329
167	A	1	0.004329004329
167	G	13	0.0562770562771
168	C	26	0.112554112554
168	G	64	0.277056277056
169	C	3	0.012987012987
169	T	3	0.012987012987
170	A	1	0.004329004329
171	T	1	0.004329004329
172	T	1	0.004329004329
173	C	1	0.004329004329
173	G	1	0.004329004329
173	T	42	0.181818181818
174	C	1	0.004329004329
174	G	35	0.151515151515
174	T	1	0.004329004329
175	C	1	0.004329004329
175	G	43	0.186147186147
176	A	39	0.168831168831
176	G	14	0.0606060606061
176	T	4	0.017316017316
177	A	26	0.112554112554
177	C	1	0.004329004329
177	G	1	0.004329004329
178	G	2	0.00865800865801
178	T	28	0.121212121212
179	A	21	0.0909090909091
180	C	33	0.142857142857
181	A	1	0.004329004329
182	C	3	0.012987012987
182	G	2	0.00865800865801
183	G	1	0.004329004329
183	T	1	0.004329004329
184	C	27	0.116883116883
184	G	13	0.0562770562771
185	A	1	0.004329004329
185	T	1	0.004329004329
186	G	1	0.004329004329
187	C	1	0.004329004329
187	G	61	0.264069264069
187	T	7	0.030303030303
188	A	81	0.350649350649
188	C	29	0.125541125541
188	T	49	0.212121212121
189	A	1	0.004329004329
189	G	28	0.121212121212
189	T	90	0.38961038961
190	A	1	0.004329004329
190	C	2	0.00865800865801
194	A	1	0.004329004329
195	A	1	0.004329004329
196	A	39	0.168831168831
196	C	1	0.004329004329
197	T	1	0.004329004329
198	C	3	0.012987012987
198	G	2	0.00865800865801
199	A	1	0.004329004329
200	C	2	0.00865800865801
200	G	4	0.017316017316
201	T	1	0.004329004329
202	C	1	0.004329004329
203	T	13	0.0562770562771
204	G	27	0.116883116883
205	A	3	0.012987012987
205	G	13	0.0562770562771
207	C	7	0.030303030303
207	G	1	0.004329004329
208	C	1	0.004329004329
210	G	1	0.004329004329
211	A	1	0.004329004329
211	G	27	0.116883116883
212	A	1	0.004329004329
213	G	4	0.017316017316
214	A	22	0.0952380952381
215	G	23	0.0995670995671
217	C	2	0.00865800865801
217	G	2	0.00865800865801
217	T	3	0.012987012987
218	A	34	0.147186147186
218	T	1	0.004329004329
219	C	3	0.012987012987
220	A	2	0.00865800865801
220	T	33	0.142857142857
221	C	3	0.012987012987
221	G	14	0.0606060606061
222	A	7	0.030303030303
222	G	2	0.00865800865801
223	A	1	0.004329004329
223	T	9	0.038961038961
224	A	3	0.012987012987
225	G	14	0.0606060606061
225	T	1	0.004329004329
226	A	1	0.004329004329
227	A	15	0.0649350649351
227	C	1	0.004329004329
228	C	1	0.004329004329
228	G	32	0.138528138528
229	A	42	0.181818181818
229	C	45	0.194805194805
229	T	1	0.004329004329
230	G	33	0.142857142857
230	T	8	0.034632034632
231	C	3	0.012987012987
232	A	1	0.004329004329
233	C	2	0.00865800865801
233	G	2	0.00865800865801
233	T	1	0.004329004329
234	T	6	0.025974025974
235	T	20	0.0865800865801
236	A	1	0.004329004329
236	G	5	0.021645021645
236	T	22	0.0952380952381
237	A	7	0.030303030303
237	C	7	0.030303030303
237	G	2	0.00865800865801
238	C	15	0.0649350649351
239	A	2	0.00865800865801
239	T	7	0.030303030303
240	C	2	0.00865800865801
240	T	13	0.0562770562771
241	A	2	0.00865800865801
241	C	2	0.00865800865801
242	A	2	0.00865800865801
242	T	1	0.004329004329
243	A	1	0.004329004329
244	C	1	0.004329004329
244	G	1	0.004329004329
245	A	83	0.359307359307
245	C	1	0.004329004329
246	A	33	0.142857142857
246	G	18	0.0779220779221
246	T	7	0.030303030303
247	A	1	0.004329004329
247	C	1	0.004329004329
247	G	1	0.004329004329
248	T	2	0.00865800865801
249	C	3	0.012987012987
249	G	1	0.004329004329
250	A	23	0.0995670995671
250	C	5	0.021645021645
251	A	1	0.004329004329
251	T	1	0.004329004329
252	C	2	0.00865800865801
252	G	23	0.0995670995671
252	T	1	0.004329004329
253	A	13	0.0562770562771
254	T	29	0.125541125541
256	G	2	0.00865800865801
257	A	18	0.0779220779221
257	T	7	0.030303030303
258	C	1	0.004329004329
258	G	2	0.00865800865801
259	A	1	0.004329004329
259	C	32	0.138528138528
260	C	3	0.012987012987
260	T	2	0.00865800865801
261	G	2	0.00865800865801
262	A	1	0.004329004329
263	C	1	0.004329004329
263	G	4	0.017316017316
264	A	1	0.004329004329
264	C	1	0.004329004329
265	G	1	0.004329004329
266	A	2	0.00865800865801
267	A	1	0.004329004329
268	G	4	0.017316017316
268	T	1	0.004329004329
269	A	5	0.021645021645
270	C	1	0.004329004329
270	T	1	0.004329004329
272	A	2	0.00865800865801
274	T	1	0.004329004329
275	A	1	0.004329004329
276	A	13	0.0562770562771
276	C	2	0.00865800865801
276	T	3	0.012987012987
277	G	1	0.004329004329
278	A	43	0.186147186147
278	C	4	0.017316017316
278	T	1	0.004329004329
279	C	2	0.00865800865801
280	G	2	0.00865800865801
281	C	7	0.030303030303
283	G	1	0.004329004329
283	T	26	0.112554112554
284	T	19	0.0822510822511
285	C	1	0.004329004329
285	G	1	0.004329004329
286	T	1	0.004329004329
287	C	1	0.004329004329
287	G	3	0.012987012987
288	A	1	0.004329004329
289	G	3	0.012987012987
289	T	35	0.151515151515
