Position	Nucleotide	Multiplicity	Frequency
71	A	2	0.142857142857
78	C	1	0.0714285714286
79	G	1	0.0714285714286
81	T	2	0.142857142857
82	T	7	0.5
88	G	6	0.428571428571
88	T	2	0.142857142857
91	A	1	0.0714285714286
91	C	8	0.571428571429
96	T	2	0.142857142857
101	A	2	0.142857142857
101	T	7	0.5
102	C	2	0.142857142857
104	T	2	0.142857142857
120	C	2	0.142857142857
120	G	2	0.142857142857
131	A	4	0.285714285714
139	A	2	0.142857142857
140	C	2	0.142857142857
145	A	1	0.0714285714286
145	C	2	0.142857142857
147	A	2	0.142857142857
148	A	2	0.142857142857
149	A	2	0.142857142857
150	G	1	0.0714285714286
152	C	2	0.142857142857
161	T	2	0.142857142857
167	C	9	0.642857142857
169	G	2	0.142857142857
171	G	2	0.142857142857
172	T	2	0.142857142857
174	A	2	0.142857142857
175	A	11	0.785714285714
175	C	2	0.142857142857
176	T	2	0.142857142857
185	A	2	0.142857142857
187	G	1	0.0714285714286
188	A	2	0.142857142857
188	C	2	0.142857142857
196	A	9	0.642857142857
205	T	8	0.571428571429
206	T	2	0.142857142857
211	T	2	0.142857142857
216	G	10	0.714285714286
217	G	1	0.0714285714286
217	T	1	0.0714285714286
218	A	1	0.0714285714286
221	G	2	0.142857142857
221	T	7	0.5
226	C	4	0.285714285714
227	G	2	0.142857142857
229	A	10	0.714285714286
230	T	8	0.571428571429
231	C	1	0.0714285714286
235	T	2	0.142857142857
236	G	2	0.142857142857
238	T	2	0.142857142857
245	A	1	0.0714285714286
245	T	4	0.285714285714
249	G	1	0.0714285714286
249	T	10	0.714285714286
250	A	10	0.714285714286
254	T	4	0.285714285714
257	A	1	0.0714285714286
259	A	2	0.142857142857
259	C	8	0.571428571429
260	G	2	0.142857142857
260	T	2	0.142857142857
262	T	2	0.142857142857
264	T	1	0.0714285714286
266	A	8	0.571428571429
270	G	1	0.0714285714286
270	T	1	0.0714285714286
283	T	1	0.0714285714286
290	A	1	0.0714285714286
