Position	Nucleotide	Multiplicity	Frequency
45	G	7	0.0397727272727
50	T	1	0.00568181818182
52	C	1	0.00568181818182
56	G	1	0.00568181818182
60	C	1	0.00568181818182
64	A	1	0.00568181818182
65	C	4	0.0227272727273
66	T	1	0.00568181818182
67	A	8	0.0454545454545
68	G	21	0.119318181818
68	T	1	0.00568181818182
69	A	13	0.0738636363636
69	T	1	0.00568181818182
71	A	1	0.00568181818182
71	C	13	0.0738636363636
72	C	1	0.00568181818182
72	G	1	0.00568181818182
74	A	1	0.00568181818182
74	C	2	0.0113636363636
75	A	1	0.00568181818182
76	C	1	0.00568181818182
79	G	1	0.00568181818182
81	C	1	0.00568181818182
82	A	11	0.0625
82	G	31	0.176136363636
83	A	1	0.00568181818182
83	G	1	0.00568181818182
83	T	13	0.0738636363636
84	C	23	0.130681818182
86	T	20	0.113636363636
87	G	47	0.267045454545
88	A	2	0.0113636363636
89	A	29	0.164772727273
89	G	29	0.164772727273
90	G	21	0.119318181818
91	A	52	0.295454545455
91	C	11	0.0625
92	G	1	0.00568181818182
92	T	57	0.323863636364
93	C	32	0.181818181818
94	C	1	0.00568181818182
94	G	1	0.00568181818182
96	A	2	0.0113636363636
97	A	19	0.107954545455
97	C	16	0.0909090909091
97	T	8	0.0454545454545
98	T	2	0.0113636363636
99	C	1	0.00568181818182
99	G	3	0.0170454545455
100	C	1	0.00568181818182
101	C	12	0.0681818181818
102	T	1	0.00568181818182
103	G	1	0.00568181818182
104	G	1	0.00568181818182
104	T	1	0.00568181818182
105	C	1	0.00568181818182
105	G	1	0.00568181818182
106	T	1	0.00568181818182
107	A	1	0.00568181818182
107	T	1	0.00568181818182
109	G	1	0.00568181818182
110	G	1	0.00568181818182
111	G	1	0.00568181818182
113	A	1	0.00568181818182
114	A	1	0.00568181818182
115	G	3	0.0170454545455
116	T	1	0.00568181818182
119	C	3	0.0170454545455
119	G	3	0.0170454545455
120	T	1	0.00568181818182
121	A	1	0.00568181818182
122	C	22	0.125
122	G	21	0.119318181818
124	A	2	0.0113636363636
125	A	1	0.00568181818182
127	C	1	0.00568181818182
127	G	20	0.113636363636
129	A	1	0.00568181818182
131	A	18	0.102272727273
131	T	1	0.00568181818182
132	T	1	0.00568181818182
133	A	1	0.00568181818182
134	A	1	0.00568181818182
134	G	13	0.0738636363636
136	G	1	0.00568181818182
136	T	9	0.0511363636364
137	A	10	0.0568181818182
138	A	1	0.00568181818182
139	T	1	0.00568181818182
140	A	2	0.0113636363636
141	C	2	0.0113636363636
141	T	1	0.00568181818182
142	G	2	0.0113636363636
143	C	10	0.0568181818182
144	A	6	0.0340909090909
144	T	1	0.00568181818182
145	G	10	0.0568181818182
145	T	1	0.00568181818182
146	T	2	0.0113636363636
147	A	1	0.00568181818182
147	C	15	0.0852272727273
147	T	1	0.00568181818182
148	A	1	0.00568181818182
148	C	2	0.0113636363636
148	G	2	0.0113636363636
149	C	4	0.0227272727273
150	G	2	0.0113636363636
150	T	1	0.00568181818182
152	C	1	0.00568181818182
152	G	15	0.0852272727273
152	T	4	0.0227272727273
153	C	2	0.0113636363636
153	G	30	0.170454545455
154	A	48	0.272727272727
154	C	13	0.0738636363636
154	T	1	0.00568181818182
155	A	15	0.0852272727273
155	C	2	0.0113636363636
155	T	18	0.102272727273
156	A	1	0.00568181818182
156	C	16	0.0909090909091
157	C	11	0.0625
157	T	23	0.130681818182
158	C	1	0.00568181818182
158	G	1	0.00568181818182
160	G	15	0.0852272727273
163	C	1	0.00568181818182
163	T	4	0.0227272727273
164	C	2	0.0113636363636
165	C	1	0.00568181818182
165	G	1	0.00568181818182
166	A	33	0.1875
166	C	8	0.0454545454545
166	T	13	0.0738636363636
167	C	1	0.00568181818182
167	G	18	0.102272727273
168	C	8	0.0454545454545
168	G	54	0.306818181818
169	C	11	0.0625
169	G	8	0.0454545454545
169	T	25	0.142045454545
170	G	8	0.0454545454545
171	C	1	0.00568181818182
171	G	5	0.0284090909091
172	C	2	0.0113636363636
172	G	1	0.00568181818182
173	G	14	0.0795454545455
174	A	24	0.136363636364
174	G	18	0.102272727273
175	T	2	0.0113636363636
176	A	1	0.00568181818182
176	T	52	0.295454545455
178	G	1	0.00568181818182
179	C	1	0.00568181818182
181	A	1	0.00568181818182
181	G	12	0.0681818181818
181	T	2	0.0113636363636
182	C	19	0.107954545455
184	C	2	0.0113636363636
184	G	1	0.00568181818182
185	A	1	0.00568181818182
186	C	1	0.00568181818182
187	A	1	0.00568181818182
187	T	2	0.0113636363636
189	A	10	0.0568181818182
189	T	1	0.00568181818182
193	C	1	0.00568181818182
193	G	2	0.0113636363636
195	A	2	0.0113636363636
197	A	1	0.00568181818182
197	T	1	0.00568181818182
198	A	1	0.00568181818182
200	C	1	0.00568181818182
200	G	9	0.0511363636364
204	C	1	0.00568181818182
204	G	32	0.181818181818
205	T	4	0.0227272727273
208	C	1	0.00568181818182
209	T	1	0.00568181818182
210	A	4	0.0227272727273
210	C	1	0.00568181818182
213	G	13	0.0738636363636
215	C	3	0.0170454545455
215	G	2	0.0113636363636
216	A	2	0.0113636363636
217	C	2	0.0113636363636
218	A	1	0.00568181818182
219	C	1	0.00568181818182
220	C	1	0.00568181818182
220	G	1	0.00568181818182
220	T	10	0.0568181818182
221	A	1	0.00568181818182
221	C	35	0.198863636364
222	A	1	0.00568181818182
223	A	1	0.00568181818182
225	C	1	0.00568181818182
225	G	1	0.00568181818182
226	C	1	0.00568181818182
226	G	2	0.0113636363636
226	T	3	0.0170454545455
227	A	1	0.00568181818182
228	C	5	0.0284090909091
228	G	1	0.00568181818182
229	C	2	0.0113636363636
229	G	1	0.00568181818182
230	G	8	0.0454545454545
230	T	8	0.0454545454545
232	A	2	0.0113636363636
232	T	12	0.0681818181818
233	A	16	0.0909090909091
233	T	47	0.267045454545
234	G	42	0.238636363636
234	T	12	0.0681818181818
235	A	1	0.00568181818182
235	G	1	0.00568181818182
236	A	6	0.0340909090909
236	T	14	0.0795454545455
238	C	1	0.00568181818182
238	G	1	0.00568181818182
238	T	9	0.0511363636364
240	G	11	0.0625
240	T	19	0.107954545455
241	C	1	0.00568181818182
242	A	2	0.0113636363636
242	T	1	0.00568181818182
243	A	2	0.0113636363636
243	G	18	0.102272727273
245	G	2	0.0113636363636
246	C	1	0.00568181818182
246	T	1	0.00568181818182
249	C	1	0.00568181818182
250	C	1	0.00568181818182
250	G	2	0.0113636363636
251	T	15	0.0852272727273
252	G	1	0.00568181818182
253	A	12	0.0681818181818
253	C	1	0.00568181818182
254	T	1	0.00568181818182
255	T	1	0.00568181818182
256	A	1	0.00568181818182
256	G	2	0.0113636363636
258	C	4	0.0227272727273
258	G	3	0.0170454545455
259	A	4	0.0227272727273
259	C	19	0.107954545455
260	G	1	0.00568181818182
260	T	1	0.00568181818182
261	A	2	0.0113636363636
261	C	11	0.0625
262	A	9	0.0511363636364
262	G	1	0.00568181818182
262	T	40	0.227272727273
263	T	14	0.0795454545455
264	A	1	0.00568181818182
265	C	20	0.113636363636
265	G	18	0.102272727273
266	A	19	0.107954545455
266	C	12	0.0681818181818
268	C	1	0.00568181818182
268	G	1	0.00568181818182
269	A	1	0.00568181818182
270	G	1	0.00568181818182
271	T	2	0.0113636363636
273	T	8	0.0454545454545
274	A	1	0.00568181818182
274	G	1	0.00568181818182
276	A	14	0.0795454545455
276	C	18	0.102272727273
277	C	12	0.0681818181818
277	G	1	0.00568181818182
278	A	29	0.164772727273
278	C	31	0.176136363636
278	T	15	0.0852272727273
280	C	1	0.00568181818182
280	G	1	0.00568181818182
281	C	2	0.0113636363636
281	G	1	0.00568181818182
283	T	22	0.125
284	T	41	0.232954545455
286	A	1	0.00568181818182
287	C	3	0.0170454545455
287	G	1	0.00568181818182
288	T	1	0.00568181818182
289	T	1	0.00568181818182
290	A	2	0.0113636363636
290	T	1	0.00568181818182
