Position	Nucleotide	Multiplicity	Frequency
51	T	1	0.016393442623
60	A	1	0.016393442623
72	C	1	0.016393442623
74	C	1	0.016393442623
78	C	2	0.0327868852459
79	A	1	0.016393442623
81	C	1	0.016393442623
81	G	1	0.016393442623
83	T	2	0.0327868852459
88	C	5	0.0819672131148
90	A	2	0.0327868852459
93	A	2	0.0327868852459
94	C	3	0.0491803278689
95	C	2	0.0327868852459
96	G	21	0.344262295082
96	T	8	0.131147540984
102	A	8	0.131147540984
103	G	1	0.016393442623
108	A	1	0.016393442623
111	G	1	0.016393442623
116	C	1	0.016393442623
116	G	3	0.0491803278689
117	C	11	0.180327868852
118	T	1	0.016393442623
119	G	1	0.016393442623
122	G	1	0.016393442623
134	A	8	0.131147540984
139	C	1	0.016393442623
140	A	1	0.016393442623
143	A	1	0.016393442623
143	T	1	0.016393442623
144	G	2	0.0327868852459
146	C	1	0.016393442623
146	G	1	0.016393442623
153	C	1	0.016393442623
154	A	1	0.016393442623
154	C	16	0.262295081967
154	T	1	0.016393442623
156	T	1	0.016393442623
158	T	1	0.016393442623
159	T	1	0.016393442623
160	G	2	0.0327868852459
165	A	1	0.016393442623
165	T	8	0.131147540984
166	A	1	0.016393442623
166	C	8	0.131147540984
167	C	5	0.0819672131148
169	A	3	0.0491803278689
169	C	13	0.213114754098
170	T	8	0.131147540984
171	G	1	0.016393442623
172	T	1	0.016393442623
173	C	22	0.360655737705
173	G	8	0.131147540984
174	C	2	0.0327868852459
174	G	1	0.016393442623
175	C	1	0.016393442623
175	T	7	0.114754098361
178	C	1	0.016393442623
178	T	2	0.0327868852459
180	T	2	0.0327868852459
181	T	2	0.0327868852459
182	T	2	0.0327868852459
184	G	1	0.016393442623
186	A	1	0.016393442623
189	A	1	0.016393442623
191	A	1	0.016393442623
191	T	1	0.016393442623
193	G	8	0.131147540984
194	T	1	0.016393442623
197	T	21	0.344262295082
206	A	1	0.016393442623
210	A	1	0.016393442623
211	T	1	0.016393442623
215	C	2	0.0327868852459
217	C	1	0.016393442623
217	G	2	0.0327868852459
222	C	1	0.016393442623
223	C	2	0.0327868852459
223	T	1	0.016393442623
224	T	2	0.0327868852459
229	G	1	0.016393442623
230	T	1	0.016393442623
238	T	8	0.131147540984
239	C	1	0.016393442623
241	G	1	0.016393442623
242	A	1	0.016393442623
244	T	8	0.131147540984
251	A	1	0.016393442623
251	G	1	0.016393442623
251	T	1	0.016393442623
253	A	1	0.016393442623
257	T	1	0.016393442623
259	C	2	0.0327868852459
260	C	2	0.0327868852459
261	G	22	0.360655737705
262	A	2	0.0327868852459
262	T	8	0.131147540984
267	T	1	0.016393442623
268	G	1	0.016393442623
271	G	8	0.131147540984
272	A	1	0.016393442623
276	A	2	0.0327868852459
276	C	1	0.016393442623
283	G	1	0.016393442623
283	T	2	0.0327868852459
284	T	8	0.131147540984
285	G	1	0.016393442623
286	T	1	0.016393442623
288	A	2	0.0327868852459
292	C	1	0.016393442623
292	G	11	0.180327868852
