Position	Nucleotide	Multiplicity	Frequency
10	G	88	0.0521636040308
10	T	11	0.00652045050385
11	A	31	0.0183758150563
11	C	33	0.0195613515116
11	T	4	0.00237107291049
12	C	577	0.342027267338
12	G	6	0.00355660936574
12	T	7	0.00414937759336
13	A	63	0.0373443983402
13	G	33	0.0195613515116
13	T	2	0.00118553645525
14	A	78	0.0462359217546
14	C	1	0.000592768227623
14	G	578	0.342620035566
14	T	8	0.00474214582098
15	A	144	0.0853586247777
15	G	3	0.00177830468287
15	T	618	0.366330764671
16	A	4	0.00237107291049
16	G	5	0.00296384113811
16	T	47	0.0278601066983
22	T	1	0.000592768227623
23	T	6	0.00355660936574
24	C	1	0.000592768227623
24	G	32	0.0189685832839
25	G	238	0.141078838174
25	T	1	0.000592768227623
28	C	1	0.000592768227623
28	G	9	0.00533491404861
28	T	57	0.0337877889745
29	C	2	0.00118553645525
29	G	56	0.0331950207469
29	T	10	0.00592768227623
