Position	Nucleotide	Multiplicity	Frequency
10	A	209	0.0432354158047
10	G	197	0.0407529995863
10	T	168	0.0347538270583
11	A	226	0.0467521721142
11	C	252	0.0521307405875
11	G	111	0.0229623500207
12	C	624	0.12908564336
12	G	108	0.0223417459661
12	T	267	0.0552337608606
13	A	58	0.0119983450559
13	G	83	0.017170045511
13	T	475	0.0982623086471
19	A	1	0.000206868018204
19	T	15	0.00310302027307
20	T	7	0.00144807612743
21	C	22	0.0045510964005
21	G	138	0.0285477865122
21	T	53	0.0109640049648
22	C	8	0.00165494414564
22	G	54	0.011170872983
22	T	2	0.000413736036409
25	A	1	0.000206868018204
25	C	4	0.000827472072818
25	G	55	0.0113777410012
26	C	1	0.000206868018204
26	G	479	0.0990897807199
26	T	71	0.0146876292925
