Position	Nucleotide	Multiplicity	Frequency
10	A	16	0.0140474100088
10	G	19	0.0166812993854
10	T	308	0.270412642669
11	A	49	0.0430201931519
11	C	10	0.00877963125549
11	G	5	0.00438981562774
12	C	39	0.0342405618964
12	G	36	0.0316066725198
12	T	61	0.0535557506585
13	A	41	0.0359964881475
13	G	18	0.0158033362599
13	T	164	0.14398595259
14	A	66	0.0579455662862
14	C	232	0.203687445127
14	G	67	0.0588235294118
15	C	40	0.0351185250219
15	G	75	0.0658472344162
15	T	32	0.0280948200176
16	A	26	0.0228270412643
16	G	108	0.0948200175593
16	T	70	0.0614574187884
17	A	74	0.0649692712906
17	C	18	0.0158033362599
17	G	2	0.0017559262511
17	T	29	0.0254609306409
18	A	15	0.0131694468832
18	C	236	0.207199297629
18	G	2	0.0017559262511
18	T	27	0.0237050043898
19	A	21	0.0184372256365
19	C	134	0.117647058824
19	G	122	0.107111501317
20	C	69	0.0605794556629
20	G	54	0.0474100087796
20	T	125	0.109745390694
21	A	20	0.017559262511
21	C	4	0.00351185250219
21	G	26	0.0228270412643
22	A	3	0.00263388937665
22	C	42	0.036874451273
22	T	22	0.0193151887621
23	C	44	0.0386303775241
24	C	1	0.000877963125549
24	G	9	0.00790166812994
24	T	1	0.000877963125549
25	A	1	0.000877963125549
25	G	44	0.0386303775241
25	T	8	0.00702370500439
26	C	20	0.017559262511
26	T	59	0.0517998244074
27	A	1	0.000877963125549
27	C	18	0.0158033362599
27	G	1	0.000877963125549
28	G	20	0.017559262511
28	T	3	0.00263388937665
34	A	1	0.000877963125549
34	T	3	0.00263388937665
35	C	1	0.000877963125549
35	T	3	0.00263388937665
36	G	33	0.0289727831431
36	T	2	0.0017559262511
37	C	38	0.0333625987709
37	G	86	0.0755048287972
37	T	18	0.0158033362599
40	A	20	0.017559262511
40	C	2	0.0017559262511
40	T	2	0.0017559262511
41	C	2	0.0017559262511
41	G	18	0.0158033362599
