Position	Nucleotide	Multiplicity	Frequency
10	A	4	0.00238805970149
10	C	120	0.0716417910448
10	T	2	0.00119402985075
11	C	2	0.00119402985075
11	G	6	0.00358208955224
12	A	23	0.0137313432836
12	C	35	0.0208955223881
12	G	10	0.00597014925373
13	A	32	0.0191044776119
13	C	257	0.153432835821
13	T	85	0.0507462686567
14	A	4	0.00238805970149
14	C	68	0.0405970149254
14	G	2	0.00119402985075
15	A	16	0.00955223880597
15	G	133	0.0794029850746
15	T	315	0.188059701493
21	A	14	0.00835820895522
21	G	1	0.000597014925373
21	T	16	0.00955223880597
22	A	1	0.000597014925373
22	G	1	0.000597014925373
22	T	3	0.00179104477612
23	C	16	0.00955223880597
23	G	115	0.0686567164179
23	T	28	0.0167164179104
24	C	6	0.00358208955224
24	G	176	0.105074626866
24	T	17	0.0101492537313
27	A	1	0.000597014925373
27	C	10	0.00597014925373
28	C	1	0.000597014925373
28	G	22	0.0131343283582
28	T	1	0.000597014925373
