Position	Nucleotide	Multiplicity	Frequency
11	A	3	0.0361445783133
11	G	2	0.0240963855422
11	T	6	0.0722891566265
12	A	4	0.0481927710843
12	G	6	0.0722891566265
12	T	4	0.0481927710843
13	C	1	0.0120481927711
13	G	2	0.0240963855422
13	T	11	0.132530120482
14	A	17	0.204819277108
14	C	46	0.55421686747
14	T	2	0.0240963855422
15	A	3	0.0361445783133
15	T	20	0.240963855422
16	C	5	0.0602409638554
16	T	1	0.0120481927711
17	A	2	0.0240963855422
17	T	20	0.240963855422
25	C	2	0.0240963855422
29	A	50	0.602409638554
29	G	6	0.0722891566265
30	G	2	0.0240963855422
