Position	Nucleotide	Multiplicity	Frequency
10	A	15	0.0257731958763
10	C	48	0.0824742268041
11	C	23	0.0395189003436
11	G	1	0.00171821305842
12	A	1	0.00171821305842
12	T	14	0.0240549828179
13	C	2	0.00343642611684
14	C	2	0.00343642611684
14	G	46	0.0790378006873
14	T	1	0.00171821305842
15	A	5	0.0085910652921
15	C	15	0.0257731958763
15	G	33	0.0567010309278
16	A	23	0.0395189003436
16	G	33	0.0567010309278
16	T	12	0.020618556701
17	A	33	0.0567010309278
17	C	3	0.00515463917526
18	G	33	0.0567010309278
18	T	1	0.00171821305842
24	A	2	0.00343642611684
24	T	1	0.00171821305842
25	A	1	0.00171821305842
25	T	2	0.00343642611684
26	A	48	0.0824742268041
27	A	1	0.00171821305842
27	C	43	0.073883161512
27	G	68	0.116838487973
30	A	69	0.118556701031
30	G	1	0.00171821305842
30	T	22	0.0378006872852
31	G	34	0.0584192439863
31	T	1	0.00171821305842
